sequenceInt
1507
1667
856
1237
795
1348
979
1063
218
276
519
1941
1853
1862
1062
636
574
1599
1961
1824
1700
2000
719
1854
1605
1365
184
411
1231
346
131
1090
266
375
228
1035
540
1256
1632
124
1922
565
1601
839
183
877
1440
1208
1658
589
276
204
1986
359
457
1683
425
1108
1077
561
27
942
1395
1974
462
611
1677
333
201
601
1597
941
1872
839
1792
356
1114
42
1883
1118
1343
88
1384
124
1547
198
2014
739
1974
2014
1972
1998
1461
1429
210
719
347
1490
541
1551
510
812
1961
1202
1359
970
1927
1794
840
1273
980
807
1234
1689
91
522
721
904
1025
904
37
271
308
564
344
502
386
184
984
1929
1096
1642
1311
106
842
1352
1651
1195
1334
975
579
1830
1082
984
1080
1863
158
1738
778
1264
1078
203
862
1229
401
1873
90
1677
5
975
1913
90
1492
5
4
345
1322
1274
473
1727
1618
653
1905
1371
237
905
617
99
677
756
1631
1235
738
1156
1244
1290
2006
66
976
1649
1587
1197
55
1115
1983
378
1533
262
244
1876
429
1313
866
795
1470
1609
912
345
579
260
454
1577
613
840
1107
512
370
1669
1664
710
1263
1133
1343
1262
1034
1923
1371
1615
1127
1553
589
1037
1841
378
567
1700
646
267
1276
1642
1162
603
1346
925
2005
1873
448
1365
184
1047
1372
8
870
1850
1434
1678
1064
672
1499
103
49
975
83
1404
1977
1605
413
1805
1299
717
1330
1211
56
142
273
1255
124
1699
1460
1955
304
388
296
1320
616
788
1777
266
742
991
517
808
1047
74
2025
1794
1560
308
1222
461
18
284
1001
837
1112
7
893
912
625
864
1373
685
1545
1138
1756
320
1856
22
2047
349
1470
1940
1245
863
1618
469
1896
1141
1345
1092
954
963
573
507
1767
11
364
1524
1527
592
1501
490
76
100
1538
73
1670
1814
1152
1301
1708
144
871
428
1271
1855
521
1012
1204
1800
754
1161
1050
84
1943
1547
1574
454
1503
1036
156
1372
489
420
1102
1156
2003
1414
1956
912
763
1624
39
349
973
617
403
453
1489
134
1303
76
1086
1251
1004
1383
1670
495
1202
1016
1881
1106
1174
819
1351
1985
1332
1538
444
1412
1555
323
319
1616
161
1683
1678
208
1215
850
695
1299
980
456
1570
1260
1510
167
69
904
1796
1824
538
630
1024
1310
287
1110
788
92
1134
259
1437
211
635
210
1984
325
119
1273
188
1944
2017
882
422
1306
597
766
1044
1580
86
100
826
401
1901
2015
1908
524
1521
531
1502
798
161
742
1035
678
1118
364
1057
1631
1222
2021
550
144
1325
182
1519
1934
955
671
1157
97
907
340
1967
1375
593
329
57
279
751
312
1234
635
127
139
1249
191
1608
1420
1390
626
1312
405
50
1694
9
2008
729
1552
1415
848
1264
225
1702
1442
1027
356
1049
1504
492
412
1815
1804
152
589
1277
510
1765
421
909
111
1681
521
680
105
204
1801
1078
738
1430
1378
399
896
1025
809
305
820
413
1851
200
981
1580
297
744
1007
1070
708
21
612
1701
1213
389
421
1218
482
1157
348
1518
1137
890
277
1689
957
1292
1025
1100
125
63
302
1494
1229
995
408
578
1269
1139
1265
1897
1797
1383
1829
2036
748
481
574
1732
26
468
1006
1984
543
1500
922
646
645
454
469
203
2043
398
627
752
1290
427
1642
1602
394
68
1833
1647
415
1913
2041
593
1909
673
508
210
732
987
1733
487
914
569
306
1996
1522
1858
253
1459
390
997
1398
23
666
289
1892
1009
1755
1959
1075
1927
1755
306
1773
664
1751
150
218
2046
13
1189
246
265
477
223
1822
557
554
1675
918
901
319
1572
1750
1956
200
705
1797
1275
63
1161
544
118
1533
632
144
473
1647
1565
1074
1195
337
2007
252
1018
379
604
718
181
5
1229
1748
128
1154
1215
203
105
1605
2019
395
1571
1041
1994
157
206
2035
1602
849
1022
507
861
419
1288
1514
1476
1338
1181
340
1122
734
1047
1938
1389
430
1375
1791
657
874
295
1739
464
336
1591
506
2006
143
515
1106
580
1073
1296
681
1433
1748
1660
277
846
80
675
1873
1127
1585
1933
840
119
269
293
423
1099
101
1966
1593
1948
1506
1845
117
632
1516
1307
835
1500
229
300
1113
1161
1619
1040
566
2034
983
97
702
192
77
77
705
1303
1367
1193
221
232
139
585
2016
654
951
118
73
160
500
2022
1432
1367
1778
384
708
1664
149
26
1280
1435
1454
1250
231
756
1525
183
455
715
386
725
1296
1042
737
565
1789
212
1176
1302
111
308
793
1136
1807
366
1654
391
1931
62
781
1167
1673
763
558
58
1344
1776
501
1189
1480
704
1471
1979
1304
1894
119
1605
1946
603
1107
823
1445
1306
1856
1449
1772
889
510
1273
1657
1350
832
1349
515
58
1505
1501
1945
1877
1919
780
1399
1768
27
1365
1726
1162
1244
1483
120
492
896
71
432
1969
1517
894
2035
1335
1498
791
1982
118
1502
465
1234
1258
722
902
654
1887
777
1858
1515
723
1995
707
1439
1658
1505
331
1988
768
845
700
1038
1727
657
1638
1124
338
210
237
1752
703
1168
1931
415
2010
232
247
386
196
2042
587
1176
689
489
1128
690
1461
10
1217
68
657
1675
1808
1238
1434
1934
1952
1953
1855
1818
1946
361
1794
496
1647
204
311
1657
448
955
1851
75
1719
2021
1544
1818
543
1561
1436
1734
1548
1492
625
500
880
931
246
112
1452
1564
1243
410
1010
1521
1578
966
938
260
1475
1838
1963
930
1439
989
36
1425
558
1475
1662
476
139
1983
1749
655
1192
546
855
1528
711
385
469
1885
1269
945
957
874
1912
1688
416
1074
787
162
1289
869
1679
647
240
489
597
1211
1356
1457
671
813
1653
1119
1941
1820
1750
325
1972
1335
179
1915
146
284
746
1156
1270
233
862
1444
1423
247
504
378
700
1191
1856
1546
129
1206
983
662
740
805
1353
1382
1559
1606
1219
1681
1171
30
1749
1843
315
1117
650
1091
1358
516
1310
1472
1309
1246
1095
1825
287
978
828
1224
2018
1140
511
513
1614
1581
344
1811
323
1812
1149
263
179
1772
1205
1093
1486
109
461
1580
1318
890
1399
393
1006
1294
1324
838
422
636
1474
884
1931
1882
418
362
767
307
312
58
799
1998
1898
951
1593
1988
1334
464
714
304
1233
378
717
1247
131
461
247
1709
1161
1955
759
1376
1767
783
915
537
1955
196
1246
1284
1093
679
710
1239
905
1501
1698
655
1896
1487
1973
1286
1397
735
893
1784
128
1961
750
407
1200
809
1746
31
1342
1575
158
1476
204
1267
1326
147
1856
1486
180
1494
1863
739
1115
985
1552
614
1228
1695
29
809
1114
1574
950
1105
1642
453
1660
407
805
1014
1764
442
1017
1594
220
1084
1720
265
1736
303
1035
340
1121
1430
720
1695
1854
1380
827
196
1210
184
154
527
1583
1425
824
1509
168
60
341
580
778
1743
1551
1530
1272
752
201
1657
148
1332
1002
1849
1145
1155
1260
307
799
1373
385
1541
1891
1884
634
291
891
185
600
634
385
386
661
517
85
497
1553
1412
1568
1574
1225
878
1739
1917
1793
756
651
1744
933
1965
980
581
648
1896
416
57
620
1277
833
1172
695
1478
85
1774
190
794
305
838
143
781
602
1868
1484
1427
482
937
1726
90
1802
112
1124
680
886
795
1442
322
1618
774
26
72
1659
1360
1551
665
1182
1696
982
1546
1251
1995
1260
983
1187
1974
295
1887
328
1479
295
551
401
892
1763
1080
1080
383
366
1756
1847
959
777
274
994
859
26
1553
1862
2040
1028
615
1633
1450
1360
714
1050
1249
109
513
1320
364
507
1275
1438
1648
1109
1169
10
1469
178
60
86
1573
1642
1844
326
166
1674
1964
1594
1707
1147
531
1619
163
1208
1207
1114
1071
1648
30
988
127
1697
418
381
1485
15
704
1718
1082
912
1599
738
1810
1042
556
510
1512
610
1288
1578
693
1172
1845
466
1463
1615
1925
1642
325
266
1312
1411
1811
1968
149
1432
658
1260
561
39
1894
730
1967
1432
715
729
1161
195
891
1679
444
2033
1871
1223
184
867
1256
1698
1319
502
1781
313
1060
704
1422
330
1538
496
1543
1526
1636
453
1590
850
112
1008
1757
2004
1102
1179
875
280
188
931
1571
1292
1842
316
2032
35
243
650
1114
1940
1511
1748
1167
1442
402
1127
1379
190
1591
1141
952
179
1836
313
598
1795
898
931
722
786
1837
1408
1555
1889
1329
30
134
1028
1179
1197
1621
439
480
1964
585
977
1825
807
1979
519
606
521
203
1079
139
1171
1806
1736
1748
1763
1693
122
1690
1039
1474
1365
804
1683
25
1063
1830
1482
813
1055
180
1898
871
353
2014
103
1278
386
1178
449
573
1479
1106
1693
975
43
1542
1890
92
1650
948
517
61
1283
1707
520
158
1444
625
171
1227
1588
1716
1516
713
1322
69
390
1575
187
1835
842
675
1251
237
964
376
1634
1410
1497
1765
505
664
2029
2004
1683
929
1659
1932
1557
406
611
1317
1130
1330
652
285
1604
1297
215
485
120
666
498
1586
510
351
476
1608
657
18
1491
800
1990
651
1503
1083
1019
382
1207
1897
1691
1569
1321
1060
1688
572
735
1786
420
827
1231
1655
864
359
819
844
1053
950
657
196
1794
233
1419
840
1941
909
1452
1054
1735
1299
125
564
1401
47
496
1901
1942
955
1091
1827
456
923
1340
1248
1291
940
1875
199
381
531
1307
238
433
1371
2004
1456
132
752
878
433
751
462
1539
1316
682
215
498
1561
1301
1568
119
105
268
1897
1682
1826
1135
266
872
261
1134
834
1081
857
1470
159
711
2030
1430
1927
170
1542
468
399
135
1747
270
831
1715
1481
326
1183
839
2038
1461
1888
1010
875
1986
57
1116
1001
1512
1302
472
201
161
614
1483
1568
875
471
212
1370
540
337
1048
339
1399
1332
257
2042
1512
11
238
1151
124
142
1234
432
1955
205
361
551
666
41
408
350
1527
1388
645
1809
1685
1732
1730
1842
23
437
1199
1121
1343
1124
1274
1628
1559
219
122
924
902
1925
352
516
456
774
1711
816
1683
417
1254
1498
776
1178
608
1316
3
1636
1754
398
693
63
1815
1207
666
1724
469
1632
1958
1738
606
644
1206
843
727
633
1934
1264
1091
764
1838
1780
252
901
1664
1050
1330
1200
814
1533
1329
1714
611
1674
1632
58
210
1138
1309
999
1987
1120
1418
1114
10
360
134
229
144
662
1633
605
1060
386
510
292
1287
135
1632
1006
1506
788
86
735
301
1162
1905
300
245
2000
1010
1285
1711
1081
865
1632
1503
1465
1768
1830
1968
1151
938
251
94
881
1273
355
975
763
1372
909
749
1598
791
263
559
136
554
428
659
214
663
1758
1901
1266
985
1853
777
684
964
852
1703
143
1643
842
1752
1949
1167
1297
620
432
465
780
955
1029
1213
235
735
715
1288
269
344
1796
684
1494
1359
1517
124
163
1498
488
516
193
654
561
1168
1520
1738
1905
1251
2028
1792
2029
818
446
393
559
1025
2021
701
1762
2028
1235
1403
1656
1021
1856
344
1278
205
1450
1910
1880
1521
216
1665
1042
644
270
936
1649
1968
531
638
1275
1318
1007
1829
1857
81
237
441
15
222
1747
2011
986
472
1146
1129
594
1964
2023
1865
1697
1323
294
584
499
1382
879
667
50
1216
368
1061
921
2044
514
1710
701
1396
1575
1810
1430
168
1476
810
1103
1326
1906
171
2043
787
1873
239
1586
1615
952
1292
1471
1088
1018
467
1606
1835
1457
75
579
1920
1077
699
797
541
608
592
717
163
877
1699
1258
935
903
118
1599
575
997
59
737
1631
1731
1865
1973
1823
697
424
1410
861
1514
1278
1084
509
1933
208
374
739
1838
1862
1089
981
2011
1759
1581
1944
446
893
1924
1285
1519
771
1445
971
1546
436
427
922
317
16
1363
1506
343
1188
2023
1822
801
1829
1498
1951
1162
191
2015
1214
699
1841
1780
1029
2029
1754
1839
985
1112
1441
77
1543
282
1439
907
126
784
1359
1598
2022
1208
1648
664
1585
120
1584
460
1827
346
734
975
127
1537
1876
1764
1535
200
1404
1562
165
1098
21
1278
771
1093
1944
1040
397
1252
329
768
932
1017
1798
696
257
939
1978
84
1240
91
1466
876
1277
1470
1712
487
1761
1197
2035
1026
1485
1255
1879
30
613
950
1848
1241
905
2043
359
1738
1299
1045
1468
1537
391
1684
257
1528
162
683
56
750
1532
25
438
43
2014
1527
1037
2035
469
401
662
411
277
1893
464
454
726
778
318
1985
1614
969
1527
1550
44
28
685
418
2044
961
193
1343
311
263
124
982
1800
1083
1190
742
30
234
1439
681
413
416
177
1630
952
1064
1559
709
314
910
1415
294
1136
60
1860
1449
819
840
24
7
1436
806
1501
1595
1790
127
1355
1872
1274
1459
1897
1023
386
1166
934
538
1938
1913
1839
1954
1180
945
1257
1118
1883
2020
1203
1098
1314
1781
1224
1022
1375
619
188
1639
1885
994
284
656
1588
1734
1802
1774
1050
1474
497
153
1959
771
1996
902
413
733
455
1858
714
1481
268
771
218
816
1873
947
1479
1849
1145
522
538
1953
457
567
1826
1951
1173
1621
80
2005
1903
201
2040
125
468
936
365
30
465
693
231
1198
1635
1695
1538
1780
1888
84
1323
23
1025
1148
1057
924
1330
1867
359
986
1029
1029
440
1770
1755
885
1041
523
342
950
1408
652
965
1870
1003
1948
1098
961
1280
2044
1086
1129
660
955
512
1622
1485
1152
1322
84
1834
1687
1172
1839
1284
1415
249
1687
1872
678
791
892
506
9
1202
402
1690
1764
1615
481
1527
146
391
898
199
391
1683
934
634
1843
1466
376
1042
843
1344
1146
1508
1707
112
914
1003
315
1533
345
1564
1784
1360
383
182
929
859
1127
762
1405
1823
1949
1090
1515
1805
991
1337
1704
1783
1660
450
1651
375
1466
610
804
1295
320
685
1012
1987
1831
1210
1009
1735
1072
965
894
605
51
1561
1954
1480
1686
1095
792
844
1307
1080
1147
311
159
108
508
630
475
1502
1634
1900
1560
794
713
2004
1283
1088
949
167
973
570
461
1012
33
687
1180
1362
1759
392
1783
1906
613
209
1827
944
1142
396
1046
353
802
326
1449
1705
2031
429
1606
1690
893
1472
74
1395
1356
584
89
1391
1321
575
1083
684
600
522
1396
444
711
787
1192
598
697
1427
1924
538
1504
923
791
243
1384
241
12
1951
1567
94
1308
959
984
1822
700
238
1016
1258
1956
878
882
1441
257
1450
1118
1527
629
466
1398
1187
300
41
31
1471
1881
499
433
1278
1313
874
1258
1216
568
1586
1973
856
87
908
58
1112
1589
505
1599
184
393
1390
966
352
1258
218
26
423
1665
1443
336
115
1772
1477
558
773
589
1313
85
449
358
18
568
1991
0
505
1863
347
23
350
437
16
73
1513
793
902
1179
1766
1271
677
601
752
695
424
1094
592
1025
1747
1027
940
1358
899
114
533
2044
1266
1650
1362
750
532
679
555
1103
469
1050
997
1883
1996
1869
1476
108
673
1489
749
1816
78
1915
103
696
691
1048
594
2029
859
1679
1076
212
1471
1136
1457
1826
1939
857
1704
1645
1211
639
2031
503
1784
1683
1427
1244
1616
852
1552
1176
1680
985
1513
129
5
1315
1710
1434
2017
2027
1276
1162
1296
1009
870
1889
250
324
1275
630
2030
1757
364
183
122
283
744
1184
1390
1069
1960
154
972
1516
1213
1803
86
839
1852
65
1291
1843
1904
872
511
1014
1545
1979
117
1998
1896
1471
1656
42
352
1545
33
1082
377
1974
873
998
673
1456
1475
1438
1330
549
375
1462
1186
504
258
68
1236
2030
566
421
720
1048
1156
629
951
144
462
716
1148
1296
1864
494
1636
1552
755
1152
1911
1498
216
1786
1221
1295
1960
1888
11
1683
1187
204
1781
823
171
1380
498
329
223
307
1859
565
1953
1269
98
1051
2033
1267
1795
400
728
1728
291
45
941
711
1698
1447
1898
1703
1215
1851
1575
1577
418
238
931
1446
732
1335
633
2027
1202
142
316
1607
884
1478
642
583
1752
14
212
700
1430
406
1687
976
218
1824
911
485
1420
1798
892
446
298
1965
1267
0
462
683
1312
483
1674
1351
1964
747
1499
1364
1761
196
562
1353
243
191
1293
1005
605
1252
101
1561
962
15
804
1093
380
1274
413
934
736
1781
1898
1147
721
606
284
1831
1432
1303
1490
776
516
31
1973
1956
154
1512
821
1094
177
1637
723
1526
1014
736
1273
763
1061
633
2034
1468
336
289
229
2021
928
1675
698
1461
65
1944
2047
828
1091
1531
620
352
82
1898
140
1140
1452
1034
2008
1807
487
194
1007
306
1408
485
1193
1631
1734
1227
1320
1273
677
1773
147
951
95
1164
9
1420
494
738
1158
1470
2014
323
2024
223
348
1132
416
914
44
1160
1886
1530
1957
712
849
1617
1944
1088
2020
1932
1338
1265
91
1302
1181
889
251
1706
895
738
1579
1451
428
1011
758
1183
1669
1721
394
1054
670
1107
1524
1196
2017
1928
141
1294
195
182
416
1074
620
1934
1046
425
568
1355
1683
1393
1829
976
315
702
775
310
542
671
1153
1911
1935
1722
529
1791
543
1073
1536
1030
1855
421
1880
760
1907
186
516
622
984
1754
1378
1540
1196
703
614
1982
285
1912
1646
1830
415
840
1851
690
640
1118
1691
514
736
1040
1097
1070
390
888
1775
1074
1501
1200
189
1133
611
299
1850
1358
1435
1496
514
1931
295
1637
1867
1984
1631
902
1238
743
481
881
167
607
475
1350
640
371
1228
434
220
1694
101
625
1596
1965
1802
271
617
1719
1222
801
454
1518
606
1757
301
895
52
717
317
924
1263
1952
394
116
1248
1280
1995
1329
874
372
25
578
709
1353
1193
1816
775
1385
410
1427
784
1375
1946
135
1362
943
833
1714
606
618
1706
1077
1486
376
1648
491
373
942
2022
1677
1766
1372
2008
1353
241
4
82
760
206
1379
810
948
1612
219
235
1036
1701
1856
434
1269
1734
267
676
863
1835
1992
630
1492
394
657
771
1271
1404
1490
1766
517
885
1770
1281
1157
757
334
268
859
2015
1773
1986
642
1156
85
160
1028
2018
937
199
1087
882
324
1808
1649
2028
1973
555
1453
1134
287
235
1842
531
174
690
798
424
826
545
1615
387
797
1133
668
1888
39
1852
590
359
1084
1316
307
1228
854
1542
157
981
902
1626
546
520
324
1326
1774
932
1840
752
1382
1771
493
976
900
1327
716
190
85
800
1333
1475
26
849
1365
1106
1387
595
741
1999
1668
1316
1285
899
1056
1192
1841
1239
807
1431
364
1105
466
538
156
682
1812
1808
154
1192
1690
497
1459
782
464
1598
1129
1502
1273
539
66
404
912
603
1252
2013
1694
57
2011
704
57
1595
1601
773
1540
1231
1790
1289
1280
289
1743
1000
1441
1818
1572
1562
1901
1521
2002
601
1398
1769
897
257
860
1927
120
776
144
1281
1791
468
1881
1543
1051
178
1553
1340
1239
1065
130
1675
671
1596
52
758
276
1824
1389
953
1001
1295
843
1508
237
1854
1636
406
404
1168
1034
1293
1537
1109
988
1368
1398
1034
1371
677
1189
332
1391
1801
2036
224
1170
893
1626
55
1946
1910
1545
786
515
755
643
1384
1951
1207
1568
1908
737
800
1261
313
984
1800
1209
1018
1794
1152
535
794
458
710
1416
322
1674
1436
113
620
1244
1275
1997
1475
896
163
1902
1434
442
992
1960
62
1952
1101
1164
1012
853
80
1743
1649
1537
79
1716
178
127
980
537
131
578
364
982
312
605
343
1039
1050
762
795
19
1598
1598
1117
326
1756
1960
891
1328
1767
491
1672
1427
2033
1180
76
2039
1936
1523
310
1103
1161
1879
79
386
1070
1429
1237
1595
1759
255
1638
1669
1107
1565
653
289
670
825
948
1746
46
1362
1455
1667
697
1665
1044
1512
1674
1118
1826
1542
606
227
397
660
710
988
604
403
963
1816
1144
319
429
1911
2003
344
1652
1909
1249
484
1207
98
1031
1324
1421
1824
1284
989
952
569
1919
112
1693
1200
1147
838
1977
1049
1145
1693
2020
904
835
989
1995
844
362
795
1107
1635
624
1745
714
320
1140
741
363
1894
897
1248
1046
1058
962
525
1880
1187
203
1033
853
1483
1934
364
752
4
675
830
2017
1883
563
1527
1327
1115
380
1850
1055
1715
303
799
1433
1992
1354
826
306
803
1306
376
1423
1667
1896
138
82
1585
313
432
840
1126
403
947
412
1675
1920
105
1273
554
835
1801
289
282
1149
1660
1651
1914
1830
1304
1562
73
1573
1646
1384
466
1358
84
423
2000
618
1989
1913
731
618
981
1097
599
1873
1966
1041
1568
139
579
1089
1304
1279
460
1987
926
1717
1777
621
1119
2045
1025
1
1101
0
190
361
1651
1944
1249
267
1172
136
1704
1124
302
197
186
1495
739
124
384
1917
819
1006
1602
589
465
649
961
836
1901
1561
1605
252
800
1592
545
1685
1862
74
1939
1176
1204
1558
659
306
1073
1897
256
919
1280
799
417
661
1502
277
1996
798
1036
72
770
195
553
1645
1561
438
2043
413
1815
275
1363
1513
1764
53
2026
1109
1965
1505
1825
1889
1618
1463
1117
1031
645
1324
1402
1969
480
651
24
379
148
984
951
1610
187
312
1278
1673
230
1986
1055
1107
1189
917
103
475
946
1487
1825
1354
517
600
421
1713
273
1714
662
496
1548
41
533
1403
48
2015
1468
785
1906
1334
815
885
653
1662
1979
1247
1768
1113
467
738
1508
657
1284
249
114
1189
1993
2035
1158
320
235
1208
352
1880
1264
756
898
1211
581
1110
32
144
110
1583
1752
175
423
343
159
997
1939
830
1147
32
388
1620
787
989
107
994
527
324
1294
1337
1147
930
754
651
1978
520
32
1832
758
1353
1077
1334
49
1968
252
921
1579
1693
1468
804
281
1081
1871
11
1117
987
1945
1675
1481
1659
162
1210
604
1179
1644
1815
1043
1152
1131
1567
508
495
904
1931
658
1865
10
1084
1288
2015
494
973
1450
1409
1517
1071
351
1451
1714
1779
1382
1391
1810
357
120
601
837
179
1071
1371
1545
1167
1092
198
464
458
1918
369
350
1266
1025
1334
1554
663
738
506
1790
1912
113
1530
1906
285
1287
189
1047
516
797
371
81
769
703
335
1691
1011
1756
1423
2024
1372
931
1768
572
1610
178
1383
540
2029
135
368
1752
1138
1694
1418
282
948
593
574
1751
1484
1853
788
109
1520
396
551
960
491
294
896
829
458
1423
721
1297
573
986
1572
1683
1492
684
742
39
1788
1034
1099
550
404
293
1435
1508
982
986
561
1369
1899
557
1828
1602
547
805
1160
811
791
96
1288
903
577
588
46
1384
154
139
1700
1121
2039
726
1211
1783
412
1437
474
798
1977
760
897
529
1771
1318
1791
437
1467
178
20
377
407
60
1775
938
107
1981
696
680
1648
1704
678
1006
450
118
606
1339
1727
1995
488
1183
413
1593
162
1671
1421
19
1904
1648
855
58
1415
559
7
343
871
1135
90
867
228
1661
1016
1588
497
1584
479
452
326
1677
466
1285
697
1128
177
80
668
657
920
1633
1555
704
921
1704
1673
780
1222
826
1109
1396
249
1873
1221
1112
2005
1503
275
1548
1745
1843
1914
1210
1919
177
1715
942
1378
839
734
754
723
1296
1215
1023
684
43
712
172
110
530
1390
1098
752
747
981
1919
1570
664
879
1624
439
1722
39
1396
1244
1170
1211
249
713
1245
1219
249
136
1485
1927
35
1272
1554
1386
1726
37
556
1432
908
505
1204
544
1963
134
1505
1291
1884
1544
1291
939
1833
1737
634
1738
1879
1853
450
863
996
242
1571
543
1721
1285
872
194
650
1233
1998
1957
854
1562
291
830
1484
210
806
420
1949
502
503
472
1597
708
1540
363
1447
1498
441
1215
1172
1170
1555
591
1740
1579
1902
382
2022
1102
799
1256
90
1162
892
726
1175
1261
601
1875
973
1783
1246
514
709
1846
411
1428
463
1782
781
1129
1671
688
962
1717
162
27
1681
2025
417
459
1809
234
1086
84
1427
167
1915
1955
333
1660
648
531
563
1033
122
719
1155
1946
1508
1306
758
97
730
60
342
745
299
909
1140
1454
937
1487
64
958
1927
1103
1580
690
384
1868
1887
1810
151
147
1323
924
346
1349
479
1883
733
325
815
529
208
449
1049
1819
1882
1398
1116
887
1612
1254
1047
1788
1021
1541
165
84
999
1406
1765
1314
286
628
1307
861
1881
1171
613
483
1170
797
94
1585
185
1721
1749
1641
1526
1695
857
1958
1740
1465
1658
912
1502
506
944
820
1299
180
72
7
211
775
684
315
584
216
1719
979
258
1547
643
92
812
610
30
654
320
92
1968
631
263
1396
1587
1487
239
312
1619
1814
981
2045
254
1560
586
1982
928
1419
630
1484
386
765
294
1127
232
936
1313
1798
1469
1970
1985
1743
696
1644
232
1175
463
1927
1917
1258
1533
896
1783
621
1595
1377
913
485
961
212
964
1821
1745
849
53
1877
1496
529
556
1552
196
464
692
939
60
506
796
1415
107
956
1856
1955
1244
1898
1814
244
1285
122
1509
1865
1525
20
331
1070
370
1807
1616
1309
718
36
1225
300
612
1607
1966
615
1819
1624
892
271
1176
1644
859
772
700
1453
1825
27
1458
1981
1005
1627
501
1460
1946
1482
1203
1063
852
718
1271
1572
1980
496
583
616
1062
195
1472
1811
1207
1663
1445
1308
349
1231
1146
889
1731
1597
535
808
800
1058
245
347
923
470
185
95
1759
707
367
592
173
1786
204
1626
1096
885
1850
1815
1691
812
779
144
42
1009
750
888
2038
819
1956
1513
1264
53
1136
1214
1293
1590
888
1738
932
381
1695
611
1807
644
550
1432
48
281
1303
819
1730
1375
1970
247
1683
1312
928
1999
1878
1489
1140
549
1716
359
285
1760
1670
1769
1490
1187
259
1192
710
367
656
856
175
1577
1480
1208
1219
702
1849
1259
413
1529
1623
708
1578
1900
713
354
1723
322
2022
815
1680
700
1704
338
220
103
2038
136
1948
497
526
474
17
1874
1098
52
1193
528
836
769
104
773
23
847
1193
1667
1449
439
993
1576
357
1335
1687
900
485
1647
1121
1183
1856
490
1814
154
1392
359
1334
1005
1786
648
268
1484
1614
954
516
1654
736
1238
1953
955
1689
1739
642
766
510
1186
656
183
1374
220
1328
1803
1728
1882
1321
687
1695
1303
243
1144
1899
1740
276
638
1139
1506
1253
1655
1455
1989
348
562
142
1483
382
680
1579
1483
1931
1112
274
904
294
447
940
900
1706
1004
721
175
623
1758
1686
1596
533
1094
507
1471
1129
1911
1239
131
123
418
1712
990
1385
1213
1893
1476
861
31
304
1227
777
286
1923
853
1269
827
294
1800
1969
389
1787
1508
1470
1746
195
1245
731
146
400
645
381
1834
1190
426
1214
799
947
1026
1320
1705
186
712
907
1651
536
92
1573
1828
1174
465
135
1849
1256
1621
1704
1738
728
1809
1944
1529
1738
811
1996
1379
1677
1359
119
1522
694
1769
1099
1453
853
890
541
1807
264
1219
178
232
569
1654
674
1716
1148
1534
758
1372
1178
526
1197
1035
144
519
1670
1497
1412
1454
551
750
620
1389
130
1530
540
289
1840
1626
772
275
1300
1298
922
1890
621
210
245
495
1745
1586
1622
942
1990
38
98
1308
795
1846
1493
1197
219
1453
314
794
1570
684
1154
364
1741
206
809
1596
1050
838
665
401
1664
19
1397
2019
1515
1357
1003
1696
1585
182
1584
1844
1757
1476
1716
944
204
306
1150
947
31
1501
1868
830
487
1451
1400
1488
259
1975
1729
770
34
1894
1377
1304
1515
1600
129
347
435
220
1601
655
787
1936
867
1853
1217
802
120
1235
516
1730
1793
945
284
1018
558
1661
1174
470
1343
860
1257
51
1746
1402
1739
1158
4
1893
1375
1510
1216
479
1149
1374
1041
1647
1701
818
582
2011
114
776
21
354
862
1823
1527
364
1753
1672
2029
1825
549
1680
767
374
608
1625
1892
180
161
199
991
345
2022
1257
1079
275
1346
1754
481
601
1407
372
455
2024
1273
1708
1661
1982
1340
1552
1521
1266
228
1744
1819
1540
1029
1615
2002
482
638
205
517
616
134
649
1154
1082
1316
415
296
1630
1285
1764
1137
1370
171
367
451
907
1710
638
210
854
1997
331
224
465
3
1032
52
386
408
1216
1571
1812
1715
1112
1286
1878
1021
1053
150
1314
726
126
290
31
1429
1850
738
246
2033
1565
466
1454
1227
1582
861
191
1757
1717
751
512
228
1853
815
1458
1070
1329
136
898
1355
1997
538
1856
607
1886
619
1320
117
732
415
273
1547
142
350
365
96
592
1532
1520
959
500
1152
851
22
1818
1098
1734
1740
1956
689
1391
1577
1802
676
108
1992
1138
1406
832
499
802
1285
1453
568
1881
1950
1159
818
47
657
1632
1383
1611
1510
276
817
29
1146
1573
499
1859
283
1860
1979
1553
335
354
1758
1884
323
1063
696
164
1038
536
1439
257
1094
453
1236
1085
1635
1901
1732
913
99
1997
1053
1365
737
987
23
191
899
1479
721
38
1637
347
203
985
1500
46
1055
1581
1942
484
1400
2022
1995
1821
339
675
351
1767
1463
512
1280
627
932
482
533
1919
841
127
221
103
760
718
983
1977
899
2005
1977
1885
543
999
1247
1565
1667
273
1316
1548
363
1080
675
452
557
279
1347
1396
113
1686
1417
728
74
706
566
926
210
1139
242
1402
1526
1971
1443
1568
1658
1656
795
186
841
1228
360
1899
197
1964
295
1552
1869
2042
1753
1464
246
590
1414
1013
1808
678
1717
370
2042
1328
1505
867
1825
1154
728
1519
1019
1331
1953
408
1485
1710
1243
866
1036
479
235
584
1912
1291
1880
859
929
528
515
1003
434
1198
463
223
883
1168
2036
1710
1788
1724
130
1534
1381
991
1360
502
1322
1532
1471
1610
1321
1296
375
730
1100
1815
1730
661
547
888
1899
1310
966
274
394
1279
779
2024
968
1555
888
2024
1786
414
1639
1841
1615
127
87
1408
437
101
592
845
1264
1121
201
65
740
1341
643
802
258
1602
1766
1497
1094
1537
1948
1758
1309
1303
1981
125
1298
575
708
1843
1813
211
640
1618
1250
281
2004
1175
1977
1019
69
1266
1837
2046
1409
1653
1269
722
239
401
367
1196
1728
1965
1708
848
1993
1129
309
1407
1918
1775
1305
581
466
1048
1089
1064
483
633
563
797
1124
1333
551
1604
1776
1539
1775
1155
1237
593
348
1833
1599
943
1882
1631
702
861
1844
1416
560
637
473
102
196
14
1298
1757
1867
610
1217
887
1577
1862
808
945
1424
963
1365
1378
321
337
641
1269
8
438
1105
1556
1921
1625
389
679
1771
1409
1928
1088
1384
1046
369
1414
1723
100
410
980
1690
321
47
964
102
456
1212
1237
29
271
1145
518
1717
718
1590
91
1405
1803
1862
1475
521
1961
63
1563
174
48
961
370
1762
236
2009
1245
1006
448
957
442
805
1258
991
631
673
1708
1180
1843
1552
1756
313
287
698
586
1100
55
285
1663
366
1935
1794
802
458
1840
124
1462
1518
1364
1639
479
804
851
1555
1593
594
1457
935
202
1924
1923
31
1845
786
537
1436
1740
1418
1172
99
1864
1221
269
1456
431
937
2000
1394
332
2020
1169
1363
967
2046
1193
499
1313
1192
7
237
1557
1936
1862
850
91
292
748
157
1329
1104
1589
1513
1138
413
571
1699
1078
1213
1980
243
853
1729
181
735
3
1562
133
1759
743
1705
1231
1484
509
1104
300
315
1702
1593
1439
795
636
517
755
1369
2017
180
561
1729
137
1352
423
981
1167
1538
675
426
1735
882
1832
716
165
424
1506
747
921
669
1878
716
59
254
1949
1358
814
408
300
1870
1957
253
123
1191
412
1468
1134
903
882
663
1681
3
1453
1090
1109
317
251
1488
656
1014
343
1549
832
1444
1663
148
1438
1443
1653
126
1592
1604
782
45
1949
715
426
1942
1957
280
1429
76
109
300
852
264
115
913
897
176
1644
1393
486
1090
573
1258
1157
1799
1823
1860
1467
613
15
1527
528
796
680
328
68
2032
418
712
835
1410
151
862
1378
989
112
807
1294
53
995
1253
1346
1004
1751
1655
364
1512
747
1916
340
1299
2000
1848
1384
402
1494
859
1856
120
1613
1529
1744
419
356
1354
1031
1885
128
1012
481
814
1074
675
1404
578
310
1128
1481
1025
294
934
1797
899
147
617
209
167
1232
287
515
1391
1744
26
1724
171
518
769
1638
91
583
1840
827
641
335
1475
675
1234
835
1115
978
1212
84
1269
2016
945
1948
895
17
172
871
401
1294
1586
226
740
521
1694
479
1169
1444
383
1962
1739
1289
378
62
1914
41
1625
1436
888
472
325
1035
1745
1989
768
718
864
672
1968
1932
2000
19
1318
1044
87
1961
162
1215
727
69
1388
821
1504
1969
250
132
1053
1898
329
196
2020
2019
1439
1210
1782
105
1896
350
1636
157
1920
1142
1741
1839
574
1594
1716
274
1708
663
596
505
116
977
1682
1769
466
1259
1051
1614
444
847
264
1468
902
297
1684
1753
1396
1725
87
207
1045
615
1875
1125
1087
1356
988
1099
534
122
1972
499
1264
1868
1175
942
1500
2035
1468
1975
981
621
327
1606
1625
110
1525
1387
413
1339
1144
580
1958
56
1909
2031
1407
627
1051
980
325
401
1437
45
1353
246
335
508
682
782
193
646
1712
1875
1855
491
1697
1173
1352
1750
1746
1049
1787
729
1881
824
896
221
967
1858
614
116
101
1306
999
1517
1927
1797
1081
528
1111
245
1828
293
573
1252
1096
1516
1871
622
1983
1573
578
1563
548
369
188
853
1171
1489
1555
32
1018
1776
1719
843
804
414
1750
1556
1335
107
1876
681
1552
1732
2006
1619
371
1572
917
2032
353
788
984
355
1878
326
1807
1910
2017
1992
525
1052
434
312
1489
264
1324
446
1168
215
1092
145
1497
1310
1472
2016
1566
1838
574
801
448
1351
1807
799
1840
1241
1922
383
1941
1803
201
1367
1836
2017
1557
227
26
1834
1535
297
346
1366
1227
1478
431
996
693
1240
761
355
552
1119
1082
1275
1393
468
1019
76
1615
1240
382
690
86
978
480
26
768
885
169
1615
1674
1734
1510
1163
472
458
1352
1138
1947
1289
1930
1146
574
2015
273
345
1054
1843
445
573
510
297
1014
1355
1286
756
1834
1547
52
695
1960
682
596
856
1394
1107
775
1344
327
1615
485
698
849
24
1997
1908
794
1691
1233
1003
1852
1923
643
1393
335
697
8
555
1183
1778
1858
1924
594
1019
1553
458
1221
990
1288
2
1812
1909
1465
1693
838
1387
1057
600
1952
50
680
987
1779
177
671
1272
1523
556
1937
104
378
70
971
158
1905
1472
833
110
1483
305
1515
1712
1524
1446
699
589
456
660
2007
361
118
1417
1037
76
1097
704
1997
697
1323
140
1994
2030
73
1825
138
203
1289
1324
1859
1985
1407
811
230
1861
1655
1614
23
1049
295
308
204
1434
1227
938
1101
1013
1212
518
1376
1985
1039
668
141
1049
925
660
1714
1608
1288
16
42
281
807
336
738
1829
1064
62
379
857
1246
101
1337
1309
1542
1717
1399
964
588
338
1304
1988
384
1380
1331
2031
1046
1223
1946
1106
1122
769
689
490
514
1369
529
643
901
932
1486
1900
731
1792
913
726
549
1853
1731
198
311
1230
161
805
1796
1788
579
2009
1426
1434
1596
631
314
1828
1050
1868
549
1665
1555
179
144
227
1528
1255
453
85
1629
1007
1587
1909
1870
48
1408
1980
32
787
635
1845
882
25
1903
2019
1928
1766
583
497
579
1192
345
698
409
976
1206
106
468
485
1720
513
1942
1136
315
1713
198
1801
1154
55
978
214
947
598
1999
1431
964
1421
104
1448
896
113
1022
1580
1893
1227
141
1025
674
543
1501
1154
1646
1479
1554
1391
1851
1174
1200
62
1917
1282
244
1364
665
186
455
352
1980
1942
29
986
268
715
1481
1355
775
1276
1029
72
729
1904
985
1717
555
1267
471
1726
474
1363
1860
1962
941
576
1467
1125
69
467
1059
973
597
893
1630
1322
627
1775
1939
1755
1875
485
294
1381
1699
527
225
1841
550
1906
805
1493
1420
1767
2007
1457
349
191
123
1698
1698
908
1851
228
1631
376
339
800
236
1460
383
1459
1257
1450
953
1752
175
896
1007
921
77
441
1225
90
924
1486
1016
1336
1402
1014
597
1542
141
39
1541
537
1843
27
1988
1185
856
772
369
1238
1637
1590
3
1965
1277
948
1268
1952
471
568
1745
627
1132
1877
1633
425
2017
1768
1938
1935
158
1139
884
1551
1089
303
1344
801
245
1379
1304
1233
47
2023
355
1560
700
59
1856
1411
1226
939
1165
1695
1511
275
39
1393
794
1294
1
1135
541
1929
1251
1464
1047
1911
309
1068
1888
1535
205
1084
880
877
1743
1903
787
1414
1366
796
1738
834
384
1340
387
1400
1531
1620
726
766
220
634
8
1092
962
673
1957
774
603
149
399
62
1978
1233
1401
882
1432
98
356
1706
182
2028
204
666
1989
862
1046
242
1009
233
1268
1327
932
721
132
434
1142
1020
1230
1211
266
187
1775
1962
539
848
1203
16
1241
1987
428
1603
938
1341
457
1413
1802
832
1426
339
1243
1406
2034
719
475
1340
278
1959
1657
62
1189
1688
1643
370
1279
1264
286
872
703
557
81
696
627
1658
1486
489
1854
1587
1863
2
1108
714
1466
1864
760
794
621
235
1573
1361
190
1642
563
1933
600
1177
772
1272
1068
386
1486
1592
1001
792
1666
1167
413
1928
1128
546
1860
1124
1049
1118
1900
1096
1452
1277
1803
208
1279
514
524
278
465
836
1257
791
229
408
1971
911
1337
254
583
928
1284
1513
1532
1169
238
175
1154
998
495
998
385
1177
1345
1748
1805
1503
276
486
1464
598
1761
1739
1095
1032
414
48
394
974
630
380
480
412
60
905
1770
1868
1190
953
1970
1546
1497
1546
731
589
1139
1315
1213
220
1565
1221
2003
118
1642
1032
1338
330
1839
439
1672
1592
461
1371
858
538
845
1635
1225
1131
970
604
1333
1778
244
1244
660
584
66
442
435
1742
1029
45
567
1503
769
656
429
508
744
427
925
1925
1514
994
2043
1452
1619
769
146
485
2042
548
1715
59
1401
828
1143
651
2021
753
1901
46
978
141
377
720
171
1097
388
355
93
1561
2005
847
1118
37
1791
1103
894
1919
121
1158
261
1707
268
1322
1529
1420
1426
1598
1774
1257
1495
1139
1980
1950
286
1393
746
289
135
1741
1948
1699
1190
644
1175
1938
1620
244
980
1242
1511
1620
1353
684
511
782
1709
1949
1363
565
1691
2036
159
1690
944
1343
814
1679
159
236
1971
1971
804
110
261
262
1688
1365
561
1215
1032
799
1916
1539
250
1591
1772
1232
2041
410
945
2023
1172
1844
450
1438
95
873
0
817
1644
893
1841
732
1781
84
554
222
1533
1997
371
1958
613
532
936
431
106
232
201
1466
1382
1501
16
1769
1581
1321
1804
330
1712
629
1243
1921
399
1704
850
1419
163
374
1447
1575
232
1848
234
1088
1630
158
1048
804
1620
1947
1071
825
275
929
1531
1262
640
1002
797
1026
303
1119
1349
1198
187
702
1120
868
1652
1423
972
1788
977
1039
729
364
857
1755
1856
768
1365
628
732
861
168
2005
1702
593
782
1626
1362
780
589
1816
1183
1668
1308
213
531
1061
640
1373
1912
1369
380
1829
8
1156
605
1179
594
1690
2047
1169
1796
249
1505
1517
4
454
600
1165
185
67
777
847
782
1637
1180
675
846
1979
1708
871
1811
920
554
735
382
514
1375
25
103
576
408
398
467
932
1247
7
276
896
119
1532
2010
1817
596
596
1144
1526
1716
1163
285
454
1605
1532
42
1283
1412
341
440
1184
1845
2025
272
1401
722
270
841
2004
1805
761
1431
1355
1192
757
737
1063
465
1005
391
751
1928
787
1445
1054
772
945
992
212
832
1211
1245
1815
808
238
308
917
1179
1628
1128
1595
232
1250
1455
1344
129
1858
118
1594
107
1069
1476
1187
603
1727
1405
28
1520
1877
724
1777
1517
1361
1235
616
1447
768
1547
454
1440
256
622
828
1628
1466
1697
1252
1056
1434
1599
1022
1535
825
146
566
307
343
260
603
339
941
2028
1630
910
517
807
350
1993
1519
253
1899
1252
106
389
1705
824
1070
840
1022
1494
1927
1604
457
1269
1077
834
1597
643
549
1775
1545
624
85
445
361
1609
1652
89
1334
1204
1766
1823
1947
1343
1692
324
399
1518
1658
1736
570
890
1365
1260
554
49
1376
1527
1201
1988
1199
411
245
475
1588
1059
1279
1059
650
504
1184
256
1544
1498
849
1201
1217
751
1019
1089
1951
120
1485
462
935
71
537
965
1471
1643
2012
1222
230
355
742
1311
1627
1574
1893
1085
1586
170
232
1892
564
506
623
1463
985
150
1123
673
289
1023
1676
1973
1609
94
1549
807
750
1187
1900
693
1996
1133
451
1766
1075
1134
1351
1196
1366
1528
20
1720
1194
152
1533
1536
1641
643
1718
438
381
1316
139
1663
83
1021
645
688
1141
1210
1073
1323
801
371
935
1217
530
1989
1893
1683
411
1860
1336
1741
2026
232
791
1473
1457
1140
127
689
342
1228
1308
1834
1042
1891
1958
842
877
1694
180
347
1266
1506
1629
1703
1227
1730
1777
1859
34
1596
260
1885
1676
90
1504
387
971
1145
1746
21
1408
728
362
142
1784
1317
1882
572
494
1402
64
1029
1120
5
312
180
1416
1497
725
204
873
124
463
1484
1484
1844
1389
969
1571
348
1032
1559
2017
1282
672
1911
930
1227
1491
1795
954
2035
2032
1613
244
1304
861
963
1375
207
1359
1301
1683
1504
910
831
955
128
1389
403
162
752
364
1879
1982
744
1578
906
1739
248
1801
337
1806
1775
1551
747
1236
351
685
304
1362
1371
1618
397
1141
726
1488
114
445
1998
1141
977
108
1898
690
133
1268
1987
1720
1500
1817
1228
1324
793
1672
1541
937
592
770
1664
1290
922
82
940
2045
1549
1918
144
460
1868
418
465
1635
651
1043
947
1590
1735
639
1640
1938
450
1409
1648
595
349
1158
740
541
856
584
1456
1540
1605
121
177
1665
1471
2040
1625
1118
1015
1443
1274
1417
163
1627
582
1440
696
1342
1258
412
1860
1120
1856
327
706
502
1103
850
455
1359
1149
1387
2039
1197
140
1719
1457
1207
1046
978
1627
217
478
1813
720
1469
1646
1705
2045
793
933
1044
788
958
1579
174
646
1595
1100
1694
688
1005
1984
389
723
1706
1233
168
1890
1934
958
279
1277
1939
1271
1963
770
1390
1983
374
1691
1464
1403
182
266
1315
645
954
286
1138
1224
548
873
1919
1231
1829
1687
129
1680
1046
135
1331
935
1402
752
1007
237
104
1878
343
1538
1322
1970
1064
2042
429
1803
1582
1806
227
941
1086
1933
108
1814
1532
918
225
108
1480
1047
1459
764
2008
1471
640
1160
1594
469
707
1393
1980
612
1206
312
1711
129
776
766
294
821
790
1899
862
1633
1034
1199
426
301
796
109
204
16
1443
200
1889
1072
1598
1415
1183
735
1152
631
1518
510
1345
648
53
17
1512
76
1851
1460
920
107
332
1298
1316
1157
1079
1138
211
1088
996
358
1850
81
1486
1924
1676
1023
800
1470
462
1320
302
1043
1128
790
1599
717
1656
148
248
1245
235
147
419
460
263
1531
82
1730
404
407
272
949
334
1844
1815
1111
763
1882
1628
1880
1508
1680
1816
1389
1197
782
538
1660
502
95
842
1771
336
366
1468
1725
737
936
74
1079
483
377
26
417
1972
190
1711
1165
159
381
1106
26
553
87
1845
579
1337
1470
170
2010
1900
1773
1716
664
1479
1673
92
449
1547
1684
939
110
678
494
1372
105
153
1886
1054
709
626
675
1747
428
425
1427
737
638
417
733
955
851
1962
1013
421
1151
398
6
318
415
473
1977
1466
775
249
364
893
33
1440
1774
926
1966
866
1773
2042
1430
886
1052
303
412
335
967
2027
974
1263
1775
290
1561
1158
889
1498
417
463
511
1710
1358
1014
1417
1877
1965
1672
851
1399
597
1858
967
583
681
76
903
1820
609
1886
1597
365
626
1924
1547
679
23
536
1117
