sequenceInt
3555
3715
856
1237
795
1348
3027
3111
218
2324
519
3989
3901
3910
1062
2684
2622
3647
4009
1824
3748
2000
2767
1854
3653
3413
184
2459
1231
346
131
1090
266
375
2276
1035
540
3304
3680
124
3970
2613
1601
2887
183
877
3488
1208
1658
589
2324
204
1986
2407
2505
1683
2473
1108
1077
2609
27
942
1395
4022
2510
611
3725
333
201
601
1597
941
1872
2887
1792
356
3162
2090
1883
1118
1343
2136
1384
124
1547
198
4062
739
4022
2014
1972
4046
3509
3477
2258
2767
2395
3538
2589
3599
2558
812
4009
1202
3407
3018
1927
1794
2888
1273
980
2855
1234
3737
91
2570
2769
2952
1025
2952
2085
2319
2356
2612
344
502
386
184
984
1929
1096
1642
3359
106
2890
3400
3699
1195
3382
975
579
1830
3130
3032
3128
3911
158
3786
2826
3312
1078
2251
862
3277
401
1873
90
3725
5
3023
1913
90
3540
5
2052
2393
1322
1274
473
1727
1618
2701
3953
3419
2285
905
617
2147
677
756
1631
3283
738
1156
1244
3338
4054
66
3024
3697
3635
1197
2103
1115
1983
2426
3581
262
244
1876
429
3361
2914
2843
1470
1609
912
345
579
260
454
1577
2661
840
1107
512
2418
1669
1664
2758
1263
3181
3391
3310
3082
1923
3419
3663
3175
3601
2637
3085
1841
2426
567
1700
646
267
3324
3690
1162
2651
3394
2973
2005
3921
2496
1365
184
3095
1372
2056
870
3898
3482
1678
1064
672
3547
2151
2097
975
83
3452
1977
3653
2461
3853
3347
2765
1330
3259
56
2190
2321
3303
124
3747
1460
4003
304
388
2344
1320
616
788
3825
2314
2790
3039
2565
2856
3095
74
4073
3842
1560
308
1222
2509
18
2332
1001
837
3160
7
2941
2960
625
2912
1373
2733
3593
3186
1756
2368
3904
2070
2047
349
1470
1940
3293
2911
1618
2517
3944
1141
1345
1092
3002
3011
2621
2555
3815
2059
2412
3572
3575
2640
3549
490
76
2148
1538
73
1670
3862
3200
3349
1708
144
871
428
3319
3903
521
3060
1204
3848
754
1161
1050
2132
3991
3595
3622
454
3551
3084
156
3420
2537
420
3150
3204
2003
1414
1956
2960
763
3672
2087
349
3021
2665
403
453
1489
134
1303
2124
1086
3299
1004
3431
1670
2543
1202
3064
1881
3154
3222
2867
1351
1985
1332
1538
2492
1412
3603
2371
2367
3664
161
1683
3726
2256
1215
850
2743
3347
980
2504
1570
3308
1510
2215
2117
2952
1796
1824
538
2678
3072
3358
2335
1110
2836
2140
3182
2307
1437
2259
2683
2258
4032
325
2167
1273
2236
3992
4065
2930
2470
1306
597
766
1044
3628
2134
2148
2874
2449
1901
2015
3956
2572
1521
531
3550
798
2209
2790
1035
2726
3166
2412
3105
1631
3270
4069
2598
144
1325
182
1519
1934
955
2719
1157
2145
907
340
1967
1375
2641
329
57
279
2799
312
1234
635
2175
139
3297
191
3656
1420
3438
626
1312
2453
50
3742
9
4056
2777
3600
1415
2896
3312
225
3750
3490
3075
356
1049
3552
2540
412
1815
3852
152
2637
1277
2558
1765
421
2957
2159
1681
521
680
105
204
3849
1078
2786
1430
3426
399
896
1025
809
305
820
2461
3899
2248
981
1580
2345
2792
1007
3118
708
21
612
3749
1213
389
421
1218
482
3205
348
3566
1137
2938
2325
3737
957
1292
1025
3148
125
2111
302
3542
1229
3043
408
578
1269
1139
1265
1897
1797
3431
1829
2036
2796
481
574
3780
26
468
3054
1984
543
3548
2970
2694
2693
2502
469
203
4091
2446
2675
2800
3338
427
1642
1602
2442
2116
3881
1647
2463
1913
2041
2641
1909
673
508
2258
732
987
3781
2535
914
569
306
1996
3570
1858
253
1459
2438
3045
1398
2071
2714
2337
3940
1009
1755
4007
1075
3975
1755
2354
1773
2712
3799
150
2266
4094
2061
3237
246
265
2525
2271
3870
2605
554
3723
2966
2949
2367
1572
1750
4004
2248
2753
1797
1275
63
1161
2592
2166
3581
632
2192
473
3695
3613
3122
3243
337
4055
252
3066
379
2652
718
181
2053
1229
1748
128
3202
1215
203
105
1605
2019
395
1571
3089
4042
157
2254
2035
1602
849
1022
507
2909
2467
1288
1514
1476
3386
1181
340
1122
734
1047
1938
1389
430
1375
3839
657
2922
295
3787
2512
2384
3639
2554
4054
2191
515
3154
580
1073
1296
2729
3481
3796
3708
2325
2894
80
2723
1873
3175
1585
3981
840
119
269
2341
423
3147
2149
1966
1593
3996
3554
1845
2165
632
1516
1307
2883
3548
2277
2348
1113
3209
3667
1040
566
4082
3031
2145
702
2240
77
77
705
3351
1367
3241
2269
232
2187
585
4064
2702
2999
2166
2121
2208
2548
2022
3480
3415
1778
384
708
3712
2197
26
1280
3483
1454
3298
231
2804
1525
2231
2503
2763
2434
2773
3344
1042
737
565
3837
2260
3224
1302
2159
308
2841
3184
3855
366
1654
2439
1931
2110
2829
1167
1673
763
558
58
3392
3824
501
3237
1480
2752
3519
1979
3352
3942
2167
3653
1946
603
3155
2871
1445
1306
3904
1449
3820
2937
2558
1273
3705
1350
2880
1349
515
58
1505
3549
1945
3925
3967
2828
3447
3816
27
3413
1726
3210
1244
1483
120
492
2944
71
2480
1969
1517
894
2035
3383
3546
2839
4030
2166
3550
465
1234
3306
2770
2950
2702
1887
2825
3906
3563
2771
4043
2755
3487
3706
3553
331
1988
2816
845
2748
3086
1727
2705
1638
3172
2386
2258
237
3800
2751
1168
1931
2463
2010
2280
247
2434
2244
2042
587
1176
2737
2537
3176
2738
3509
2058
1217
2116
657
1675
1808
1238
3482
1934
1952
1953
1855
3866
1946
361
1794
2544
3695
204
2359
3705
2496
3003
1851
2123
3767
4069
3592
3866
2591
1561
1436
1734
1548
3540
625
500
880
2979
246
112
1452
3612
1243
2458
3058
1521
1578
966
938
260
3523
1838
1963
2978
1439
3037
36
3473
558
3523
3710
476
2187
1983
3797
2703
3240
2594
855
1528
2759
385
2517
1885
3317
945
957
874
1912
1688
2464
3122
787
162
3337
2917
1679
647
240
2537
597
3259
1356
3505
671
813
3701
3167
3989
1820
1750
325
1972
3383
2227
1915
146
2332
746
3204
3318
233
862
1444
1423
247
504
378
700
3239
1856
3594
129
1206
3031
662
740
805
1353
3430
3607
1606
3267
1681
1171
2078
1749
3891
315
3165
2698
3139
3406
516
3358
3520
3357
3294
1095
1825
287
978
828
3272
4066
1140
2559
2561
1614
1581
2392
1811
2371
3860
3197
263
179
3820
3253
3141
3534
2157
2509
3628
1318
2938
1399
2441
1006
3342
1324
2886
422
2684
3522
884
3979
3930
418
362
2815
307
312
58
2847
1998
1898
951
1593
1988
3382
2512
2762
2352
1233
2426
2765
1247
2179
2509
2295
3757
1161
1955
759
1376
1767
2831
915
2585
1955
196
3294
3332
1093
2727
710
3287
2953
3549
3746
655
3944
1487
4021
1286
1397
735
893
1784
2176
4009
750
2455
1200
809
1746
31
1342
3623
158
3524
204
3315
1326
147
3904
3534
180
1494
1863
739
1115
985
1552
2662
1228
1695
2077
809
1114
1574
950
1105
1642
2501
3708
2455
805
1014
1764
442
1017
3642
2268
3132
3768
265
3784
2351
3083
340
1121
1430
2768
3743
3902
3428
827
196
1210
184
2202
2575
3631
3473
2872
3557
168
2108
2389
2628
778
1743
3599
3578
3320
2800
2249
3705
2196
3380
3050
3897
3193
3203
3308
2355
2847
1373
385
1541
1891
3932
634
2339
2939
2233
2648
2682
2433
2434
2709
2565
2133
497
1553
3460
1568
1574
1225
878
3787
1917
1793
2804
651
3792
933
1965
980
2629
648
3944
2464
2105
620
3325
2881
1172
695
1478
85
1774
190
794
305
838
2191
781
2650
3916
1484
1427
482
937
1726
90
3850
2160
1124
2728
2934
2843
3490
2370
3666
2822
26
72
1659
1360
1551
2713
3230
3744
982
1546
1251
4043
1260
3031
1187
1974
295
3935
2376
1479
2343
2599
401
892
1763
1080
1080
2431
366
3804
3895
959
777
2322
994
859
2074
3601
1862
4088
1028
2663
1633
1450
1360
714
3098
3297
2157
2561
3368
364
507
1275
1438
3696
3157
3217
2058
3517
178
60
86
1573
1642
3892
326
2214
3722
4012
1594
1707
3195
531
1619
2211
3256
3255
1114
3119
1648
30
3036
2175
3745
2466
381
1485
2063
704
3766
1082
912
3647
738
1810
3090
556
2558
1512
2658
3336
3626
2741
1172
3893
466
1463
1615
1925
1642
2373
2314
1312
1411
3859
1968
149
1432
2706
3308
2609
39
3942
2778
4015
3480
2763
2777
3209
2243
891
3727
444
2033
3919
3271
2232
2915
3304
1698
3367
2550
3829
313
1060
704
1422
330
1538
2544
1543
1526
1636
453
1590
2898
2160
3056
3805
2004
1102
3227
2923
280
2236
2979
1571
1292
1842
316
4080
35
243
2698
3162
1940
1511
3796
3215
1442
402
1127
1379
190
1591
3189
952
179
1836
313
598
1795
2946
931
722
786
1837
3456
3603
1889
3377
30
2182
1028
3227
1197
1621
439
2528
4012
585
977
3873
2855
4027
2567
2654
2569
2251
1079
2187
1171
1806
1736
3796
1763
1693
2170
3738
1039
3522
1365
804
3731
2073
3111
3878
1482
813
1055
2228
1898
871
2401
2014
103
3326
2434
3226
2497
2621
3527
3154
1693
975
43
1542
1890
2140
1650
2996
517
2109
1283
1707
2568
158
1444
625
171
1227
3636
3764
3564
2761
1322
2117
390
1575
2235
1835
2890
675
3299
2285
964
376
1634
1410
3545
3813
2553
664
2029
4052
3731
2977
1659
1932
1557
2454
611
3365
1130
3378
652
2333
1604
1297
215
485
2168
666
498
3634
510
2399
2524
3656
657
18
3539
2848
1990
651
3551
1083
1019
382
3255
1897
3739
3617
3369
1060
3736
572
735
3834
2468
827
1231
3703
2912
359
2867
2892
1053
950
657
196
3842
233
1419
840
3989
2957
3500
1054
1735
3347
125
2612
3449
47
496
3949
1942
3003
1091
1827
2504
2971
1340
1248
1291
2988
1875
2247
381
2579
3355
238
433
3419
2004
3504
132
752
878
433
751
2510
1539
3364
682
215
2546
3609
1301
3616
119
105
2316
1897
1682
3874
3183
266
872
2309
1134
834
1081
857
3518
159
711
4078
1430
3975
2218
1542
2516
2447
135
1747
2318
831
1715
1481
2374
3231
2887
4086
3509
1888
1010
2923
1986
57
3164
3049
3560
1302
472
2249
2209
2662
3531
3616
2923
2519
212
3418
2588
337
3096
339
3447
3380
2305
2042
3560
11
238
3199
124
142
1234
2480
1955
2253
2409
2599
2714
41
2456
2398
3575
1388
645
1809
1685
3780
3778
3890
2071
437
1199
1121
3391
1124
1274
3676
3607
219
2170
924
902
1925
2400
2564
456
774
3759
816
1683
2465
1254
1498
776
3226
608
3364
2051
1636
1754
398
2741
63
1815
3255
2714
3772
469
3680
4006
1738
2654
644
3254
843
727
633
3982
1264
3139
764
3886
1780
2300
2949
3712
1050
1330
3248
2862
3581
3377
3762
611
1674
1632
2106
2258
3186
3357
999
4035
1120
1418
1114
10
2408
2182
229
2192
2710
1633
605
3108
386
2558
2340
3335
2183
1632
3054
3554
2836
2134
735
2349
3210
1905
300
2293
2000
1010
1285
3759
3129
865
3680
1503
3513
1768
1830
1968
3199
938
251
2142
881
1273
2403
3023
2811
3420
2957
2797
3646
791
2311
559
2184
2602
2476
2707
2262
2711
3806
1901
1266
985
3901
2825
684
3012
2900
3751
2191
3691
842
3800
3997
3215
3345
2668
432
2513
780
3003
3077
1213
235
2783
2763
3336
2317
344
1796
684
3542
3407
1517
124
2211
1498
2536
516
193
2702
561
1168
3568
1738
3953
3299
2028
3840
4077
818
2494
393
559
1025
2021
2749
3810
2028
1235
3451
3704
1021
1856
344
1278
2253
1450
1910
3928
1521
2264
1665
1042
2692
2318
2984
3697
4016
531
2686
1275
3366
3055
1829
1857
81
237
2489
15
2270
1747
4059
3034
2520
3194
1129
594
1964
4071
3913
3745
3371
2342
584
499
1382
2927
2715
50
1216
368
1061
2969
2044
514
1710
2749
3444
1575
3858
3478
168
1476
2858
3151
1326
3954
171
2043
787
3921
2287
1586
1615
952
3340
1471
3136
3066
2515
3654
1835
1457
2123
2627
1920
3125
2747
2845
541
608
592
2765
163
2925
3747
3306
935
903
118
1599
575
3045
2107
2785
1631
3779
3913
1973
3871
697
2472
3458
2909
3562
1278
1084
2557
3981
208
2422
739
1838
3910
3137
981
2011
3807
1581
3992
2494
893
3972
3333
1519
771
3493
971
1546
2484
427
2970
2365
16
1363
3554
343
1188
4071
1822
2849
3877
3546
1951
3210
2239
2015
3262
699
1841
1780
1029
4077
1754
1839
3033
1112
3489
77
3591
282
3487
2955
126
784
1359
3646
4070
3256
3696
2712
3633
2168
1584
2508
1827
2394
2782
3023
127
3585
3924
3812
3583
2248
3452
1562
2213
1098
2069
1278
2819
1093
3992
3088
397
1252
329
2816
2980
1017
3846
696
2305
939
1978
2132
3288
91
1466
876
3325
3518
3760
2535
1761
1197
4083
3074
3533
3303
3927
2078
2661
950
3896
1241
2953
4091
359
3786
1299
3093
3516
3585
391
1684
257
3576
2210
2731
56
2798
3580
25
438
2091
2014
1527
1037
4083
2517
2449
2710
411
2325
1893
464
454
726
778
318
1985
3662
969
1527
3598
44
2076
685
418
4092
3009
193
1343
311
2311
2172
3030
3848
3131
1190
2790
2078
2282
1439
681
413
416
177
3678
3000
3112
3607
2757
314
2958
1415
2342
3184
2108
1860
3497
819
2888
2072
7
1436
2854
3549
3643
1790
127
3403
1872
3322
1459
1897
1023
386
3214
2982
538
1938
3961
1839
4002
1180
945
1257
3166
3931
4068
1203
3146
3362
3829
3272
1022
3423
2667
2236
1639
1885
3042
284
2704
1588
3782
1802
1774
3098
3522
2545
153
1959
2819
1996
902
413
2781
455
1858
714
1481
2316
2819
2266
2864
3921
947
1479
3897
3193
2570
2586
4001
2505
2615
1826
1951
1173
3669
2128
4053
3951
2249
4088
125
2516
2984
365
2078
2513
693
231
1198
3683
1695
1538
3828
1888
2132
3371
2071
3073
3196
1057
924
3378
1867
2407
986
1029
1029
2488
1770
3803
2933
1041
523
2390
950
3456
652
965
3918
1003
1948
3146
3009
3328
4092
1086
3177
660
3003
2560
3670
1485
1152
3370
2132
1834
1687
1172
3887
3332
1415
2297
3735
3920
678
2839
892
2554
9
1202
2450
1690
1764
3663
481
1527
146
2439
2946
199
391
3731
2982
634
3891
3514
2424
3090
2891
3392
1146
3556
1707
112
914
3051
315
1533
2393
3612
3832
3408
2431
182
929
859
3175
762
1405
1823
3997
1090
1515
3853
991
1337
1704
1783
3708
2498
3699
2423
1466
610
804
1295
2368
685
3060
1987
1831
1210
1009
1735
3120
965
894
605
51
1561
4002
1480
1686
1095
792
2892
1307
1080
1147
2359
159
2156
2556
630
475
3550
3682
3948
1560
794
713
2004
3331
3136
2997
167
3021
570
461
1012
33
687
1180
1362
1759
392
1783
3954
2661
209
1827
2992
1142
396
3094
353
2850
2374
1449
1705
2031
2477
3654
3738
893
1472
74
1395
3404
584
89
3439
1321
2623
1083
2732
600
522
3444
444
2759
787
3240
2646
697
1427
1924
538
3552
923
791
2291
3432
241
12
3999
1567
94
1308
959
3032
3870
2748
238
1016
3306
1956
2926
2930
1441
257
1450
1118
3575
629
2514
3446
3235
300
2089
2079
3519
1881
499
433
3326
1313
874
3306
1216
2616
3634
1973
2904
87
908
2106
1112
3637
2553
1599
184
2441
3438
966
2400
3306
218
2074
423
1665
3491
2384
115
3820
3525
558
773
589
1313
85
2497
358
18
568
1991
2048
2553
3911
347
23
2398
2485
2064
2121
1513
793
2950
1179
1766
1271
2725
601
752
695
2472
1094
2640
1025
3795
1027
2988
3406
2947
2162
533
2044
1266
1650
3410
750
2580
2727
2603
1103
2517
3098
3045
1883
4044
1869
3524
2156
673
1489
2797
3864
2126
1915
2151
696
2739
3096
2642
2029
2907
3727
1076
2260
1471
3184
1457
1826
1939
2905
1704
1645
1211
2687
4079
503
3832
1683
1427
1244
3664
2900
3600
1176
1680
985
3561
2177
2053
1315
3758
1434
2017
4075
1276
1162
3344
3057
870
1889
250
324
1275
2678
2030
1757
2412
2231
2170
2331
2792
3232
1390
1069
4008
154
3020
1516
3261
3851
2134
2887
1852
2113
1291
1843
3952
2920
2559
1014
1545
1979
2165
1998
3944
1471
3704
2090
2400
3593
2081
3130
377
4022
2921
3046
2721
3504
1475
3486
1330
2597
375
3510
3234
504
258
68
1236
4078
2614
2469
2768
3096
1156
2677
951
144
2510
2764
3196
1296
1864
2542
1636
3600
755
3200
3959
3546
216
3834
1221
3343
1960
3936
2059
1683
1187
2252
3829
823
2219
3428
2546
2377
2271
2355
3907
565
1953
3317
2146
1051
4081
3315
1795
2448
2776
3776
291
45
941
2759
3746
3495
3946
3751
3263
3899
1575
1577
2466
2286
2979
3494
2780
3383
633
2027
1202
2190
316
3655
884
1478
642
2631
1752
2062
212
2748
3478
2454
1687
976
218
1824
911
2533
1420
1798
2940
446
2346
1965
1267
2048
462
683
1312
483
3722
1351
1964
2795
3547
1364
3809
2244
2610
1353
2291
2239
1293
3053
605
3300
2149
1561
962
15
2852
3141
2428
3322
413
2982
2784
3829
3946
1147
2769
2654
284
1831
3480
1303
1490
2824
2564
31
1973
4004
2202
3560
2869
1094
2225
1637
723
3574
3062
2784
1273
2811
1061
2681
4082
3516
336
2337
2277
2021
2976
3723
698
1461
2113
3992
2047
828
1091
1531
2668
2400
2130
3946
140
3188
3500
1034
2008
3855
487
2242
3055
306
1408
2533
1193
1631
1734
1227
1320
1273
2725
3821
147
2999
2143
3212
9
1420
2542
738
3206
3518
4062
2371
4072
223
2396
1132
416
914
2092
3208
1886
3578
4005
2760
849
1617
3992
3136
4068
1932
1338
1265
2139
1302
1181
2937
251
1706
895
738
1579
1451
428
1011
2806
1183
1669
3769
394
3102
2718
3155
1524
3244
2017
3976
2189
1294
195
182
2464
1074
620
1934
1046
425
2616
1355
3731
1393
1829
3024
315
2750
775
310
2590
2719
3201
1911
1935
3770
2577
3839
2591
3121
3584
3078
3903
2469
3928
760
1907
186
516
622
984
3802
3426
1540
3244
703
2662
4030
2333
1912
3694
1830
415
840
1851
690
640
1118
1691
2562
736
3088
3145
3118
2438
2936
1775
1074
3549
3248
189
3181
611
299
3898
1358
1435
1496
2562
3979
2343
1637
1867
1984
1631
2950
3286
2791
2529
881
2215
607
475
3398
2688
371
3276
434
220
1694
2149
2673
3644
1965
3850
2319
2665
3767
1222
801
454
1518
606
1757
301
895
2100
2765
2365
2972
3311
4000
394
2164
1248
3328
4043
3377
2922
2420
25
2626
2757
3401
3241
1816
2823
3433
410
3475
2832
1375
1946
2183
1362
943
2881
1714
606
2666
3754
1077
3534
2424
3696
2539
373
2990
4070
1677
1766
1372
4056
3401
241
4
82
760
206
3427
2858
948
1612
219
2283
3084
1701
3904
2482
3317
3782
267
676
863
3883
1992
2678
3540
2442
2705
771
3319
1404
3538
1766
2565
885
3818
1281
1157
757
334
2316
2907
2015
1773
4034
2690
1156
85
160
1028
4066
937
199
3135
2930
2372
3856
1649
2028
1973
2603
1453
3182
287
235
3890
2579
2222
690
798
424
826
545
3663
2435
797
1133
668
1888
2087
1852
590
2407
1084
3364
307
1228
854
3590
2205
981
2950
1626
546
2568
324
1326
1774
2980
1840
2800
1382
3819
493
3024
2948
3375
2764
2238
2133
800
1333
3523
2074
2897
3413
3154
1387
595
741
1999
3716
1316
3333
899
1056
3240
3889
1239
807
1431
2412
1105
466
2586
156
682
1812
3856
154
1192
3738
497
3507
2830
464
1598
3177
1502
3321
539
66
404
912
2651
1252
2013
1694
2105
4059
704
2105
3643
1601
773
1540
1231
1790
1289
3328
289
3791
1000
1441
1818
1572
1562
1901
1521
4050
2649
3446
1769
897
257
860
3975
2168
2824
144
1281
3839
468
3929
1543
3099
2226
1553
1340
3287
1065
130
3723
671
1596
2100
2806
276
3872
1389
953
3049
3343
843
1508
2285
3902
1636
406
404
1168
3082
3341
1537
3157
3036
1368
3446
1034
1371
677
1189
2380
3439
1801
2036
224
1170
2941
1626
55
3994
1910
1545
786
2563
2803
2691
1384
3999
3255
3616
3956
2785
2848
3309
2361
3032
3848
3257
1018
3842
1152
535
2842
458
2758
1416
2370
3722
3484
2161
2668
1244
1275
4045
1475
2944
163
1902
1434
2490
3040
4008
2110
4000
1101
1164
1012
853
2128
1743
3697
1537
2127
1716
178
2175
3028
2585
2179
578
2412
3030
312
2653
2391
3087
3098
2810
2843
19
1598
1598
1117
2374
3804
4008
2939
1328
3815
491
1672
1427
2033
1180
76
4087
3984
3571
2358
3151
1161
3927
2127
2434
3118
3477
3285
3643
1759
255
3686
3717
1107
3613
2701
289
2718
825
948
3794
46
1362
3503
3715
2745
1665
3092
3560
1674
3166
3874
3590
2654
227
397
2708
2758
3036
604
2451
3011
1816
1144
2367
2477
3959
4051
344
1652
3957
1249
2532
3255
98
3079
3372
1421
3872
3332
3037
3000
569
3967
2160
1693
3248
3195
838
4025
1049
1145
1693
2020
904
835
3037
1995
2892
362
2843
1107
3683
624
1745
714
2368
1140
741
363
3942
897
1248
3094
1058
962
2573
1880
3235
203
1033
853
1483
1934
2412
2800
4
675
2878
2017
3931
2611
1527
3375
1115
2428
3898
3103
1715
303
799
3481
4040
1354
2874
306
2851
3354
2424
1423
3715
1896
2186
82
3633
313
432
2888
1126
2451
2995
412
3723
1920
105
1273
554
835
1801
2337
282
1149
1660
3699
3962
1830
1304
1562
2121
3621
1646
3432
2514
1358
84
423
4048
2666
1989
1913
2779
2666
981
1097
2647
3921
4014
1041
3616
2187
579
3137
1304
3327
2508
4035
2974
1717
3825
621
3167
2045
3073
2049
3149
0
190
361
3699
3992
3297
2315
1172
2184
3752
1124
2350
2245
186
1495
739
124
2432
3965
819
3054
3650
589
465
649
3009
836
1901
1561
1605
2300
800
3640
2593
3733
3910
74
1939
3224
1204
1558
2707
2354
1073
3945
256
2967
3328
2847
417
661
1502
2325
1996
2846
3084
2120
770
195
2601
3693
1561
2486
2043
413
3863
275
3411
3561
1764
53
2026
3157
1965
3553
3873
1889
1618
1463
3165
3079
2693
3372
3450
1969
480
2699
2072
379
2196
984
951
3658
187
312
1278
1673
2278
4034
3103
3155
3237
2965
103
475
2994
3535
3873
3402
517
2648
2469
1713
2321
1714
662
2544
3596
41
2581
3451
2096
2015
3516
2833
3954
1334
2863
2933
2701
3710
1979
1247
1768
1113
2515
738
1508
657
3332
249
114
3237
1993
4083
3206
320
2283
3256
2400
1880
3312
756
2946
1211
581
1110
32
2192
110
1583
3800
2223
2471
343
2207
3045
3987
2878
1147
2080
2436
3668
2835
3037
107
3042
2575
324
3342
3385
3195
930
754
651
1978
520
2080
1832
758
1353
3125
3382
2097
1968
252
921
1579
1693
3516
2852
281
1081
3919
11
1117
3035
3993
1675
1481
3707
162
1210
604
1179
1644
3863
1043
1152
3179
1567
2556
2543
2952
3979
658
3913
2058
3132
1288
4063
2542
973
1450
1409
3565
1071
2399
3499
1714
3827
1382
1391
3858
2405
2168
601
2885
179
1071
3419
1545
3215
3140
198
2512
2506
1918
369
350
3314
1025
3382
3602
663
738
2554
3838
1912
2161
3578
1906
2333
3335
2237
3095
516
797
371
81
769
703
2383
1691
3059
1756
1423
4072
3420
931
1768
572
3658
2226
3431
2588
4077
2183
2416
3800
3186
3742
3466
282
2996
593
574
1751
3532
1853
2836
109
1520
2444
551
3008
2539
2342
896
2877
2506
3471
721
3345
573
3034
1572
1683
1492
2732
2790
39
3836
3082
1099
2598
404
2341
3483
3556
982
3034
2609
1369
1899
557
3876
3650
547
805
1160
2859
791
96
1288
903
2625
2636
2094
1384
2202
2187
3748
3169
4087
2774
3259
1783
412
1437
474
2846
4025
2808
897
2577
1771
1318
3839
2485
3515
178
20
2425
2455
60
1775
2986
2155
1981
696
2728
3696
3752
2726
1006
2498
118
606
3387
1727
1995
2536
1183
413
1593
2210
1671
1421
19
1904
3696
2903
2106
3463
559
7
2391
2919
3183
2138
2915
228
3709
3064
3636
497
1584
479
2500
2374
3725
466
1285
2745
3176
177
2128
668
2705
920
3681
1555
2752
2969
1704
1673
2828
1222
2874
3157
1396
2297
3921
1221
3160
2005
3551
275
3596
3793
3891
1914
1210
1919
2225
3763
942
3426
2887
734
2802
723
1296
1215
1023
2732
2091
712
172
110
530
1390
3146
2800
2795
3029
3967
3618
664
2927
3672
439
1722
2087
3444
1244
1170
3259
249
2761
3293
3267
249
136
1485
3975
2083
3320
1554
1386
3774
37
2604
3480
2956
2553
3252
2592
1963
2182
1505
1291
3932
3592
3339
2987
1833
1737
634
3786
1879
3901
450
2911
3044
2290
1571
543
1721
3333
2920
2242
650
1233
4046
1957
854
1562
2339
830
3532
2258
806
420
3997
2550
2551
2520
1597
2756
3588
363
1447
1498
2489
3263
1172
3218
3603
2639
1740
1579
3950
382
4070
3150
2847
3304
2138
3210
2940
2774
1175
3309
601
3923
3021
3831
1246
514
2757
3894
411
3476
2511
3830
781
1129
1671
688
962
3765
2210
2075
3729
4073
2465
2507
3857
234
1086
84
1427
167
1915
4003
2381
1660
2696
2579
2611
1033
122
719
3203
1946
1508
1306
758
97
2778
2108
342
745
299
2957
1140
3502
937
3535
64
958
3975
3151
1580
2738
384
1868
1887
3858
151
2195
1323
924
346
1349
2527
3931
2781
2373
815
529
208
449
1049
3867
1882
1398
1116
887
3660
3302
3095
3836
3069
1541
2213
84
3047
3454
1765
1314
2334
2676
3355
861
1881
3219
2661
483
1170
797
94
3633
185
3769
1749
3689
3574
1695
2905
1958
3788
1465
3706
912
1502
2554
944
820
3347
2228
2120
7
2259
775
684
315
584
216
1719
3027
258
3595
2691
92
812
2658
2078
2702
2368
92
1968
2679
263
1396
3635
1487
239
2360
1619
1814
3029
4093
254
3608
2634
4030
2976
3467
630
1484
386
2813
294
1127
2280
2984
1313
1798
3517
4018
1985
3791
2744
1644
2280
1175
463
3975
3965
3306
3581
896
3831
2669
1595
3425
913
2533
3009
212
3012
3869
3793
849
53
3925
1496
529
2604
3600
2244
2512
2740
939
2108
2554
2844
3463
107
956
3904
4003
1244
1898
3862
244
3333
122
1509
1865
1525
20
331
1070
370
1807
3664
3357
718
2084
1225
300
612
3655
4014
615
1819
3672
892
2319
3224
3692
2907
772
700
1453
1825
27
3506
4029
1005
1627
2549
3508
1946
3530
3251
1063
852
718
3319
1572
1980
496
583
2664
1062
195
1472
3859
3255
3711
3493
1308
2397
1231
1146
889
3779
3645
2583
2856
2848
3106
245
347
923
470
2233
2143
1759
2755
2415
2640
173
1786
2252
3674
1096
885
3898
3863
1691
2860
2827
144
2090
1009
2798
2936
2038
819
4004
3561
3312
2101
1136
3262
1293
1590
2936
3786
932
381
3743
2659
3855
2692
550
1432
48
281
1303
819
3778
1375
1970
2295
1683
3360
928
4047
3926
1489
1140
549
1716
359
285
3808
3718
1769
3538
1187
259
3240
2758
367
656
856
2223
3625
1480
1208
1219
2750
3897
1259
413
1529
3671
708
3626
3948
713
354
3771
2370
4070
815
3728
2748
3752
338
2268
103
2038
2184
3996
497
2574
2522
2065
3922
3146
52
3241
2576
836
769
2152
2821
23
847
1193
3715
3497
439
3041
1576
2405
3383
3735
2948
2533
1647
1121
3231
1856
490
3862
154
1392
359
3382
3053
3834
648
2316
3532
1614
3002
2564
3702
736
3286
1953
955
3737
1739
2690
766
510
3234
656
2231
3422
220
3376
3851
3776
3930
3369
2735
1695
1303
243
3192
3947
1740
276
2686
3187
1506
3301
3703
3503
4037
2396
2610
2190
1483
2430
2728
3627
1483
1931
1112
2322
2952
294
2495
940
900
3754
3052
721
175
2671
3806
3734
1596
2581
1094
2555
3519
3177
3959
3287
131
2171
418
3760
3038
3433
1213
3941
1476
2909
2079
2352
1227
777
2334
3971
2901
3317
2875
2342
3848
4017
389
3835
3556
1470
3794
2243
1245
2779
2194
2448
2693
381
1834
3238
2474
1214
799
947
3074
1320
1705
2234
712
907
3699
2584
2140
1573
1828
3222
2513
2183
3897
3304
1621
3752
1738
728
1809
1944
1529
3786
2859
1996
3427
1677
1359
119
3570
694
3817
3147
1453
853
890
2589
3855
2312
3267
2226
2280
569
3702
2722
3764
3196
1534
2806
1372
1178
526
1197
1035
2192
2567
3718
3545
1412
3502
2599
2798
620
1389
2178
1530
2588
2337
1840
3674
2820
2323
3348
1298
922
1890
621
210
245
495
1745
1586
3670
2990
4038
38
2146
1308
795
1846
3541
1197
2267
1453
2362
2842
1570
2732
3202
2412
3789
2254
2857
3644
1050
2886
665
2449
1664
19
3445
4067
3563
3405
1003
3744
1585
182
1584
1844
3805
1476
1716
2992
204
2354
1150
947
31
1501
1868
830
487
1451
1400
1488
2307
1975
1729
2818
34
3942
3425
3352
3563
1600
129
2395
2483
2268
1601
655
787
3984
2915
1853
3265
802
2168
3283
516
1730
1793
945
2332
1018
558
3709
1174
2518
1343
860
3305
51
3794
1402
1739
1158
4
1893
3423
1510
3264
479
3197
1374
3089
1647
1701
818
582
2011
2162
776
21
354
862
1823
3575
2412
3801
1672
2029
3873
549
3728
767
374
2656
1625
3940
2228
161
199
3039
345
4070
3305
1079
2323
3394
1754
2529
2649
3455
2420
2503
4072
3321
3756
1661
4030
3388
1552
1521
1266
228
1744
3867
3588
3077
1615
4050
2530
2686
2253
2565
2664
2182
649
1154
3130
3364
415
2344
3678
3333
1764
3185
1370
2219
2415
2499
2955
3758
2686
210
2902
1997
331
2272
2513
3
3080
52
386
408
1216
1571
1812
1715
1112
1286
1878
3069
3101
2198
3362
726
126
290
2079
3477
3898
2786
2294
2033
1565
2514
3502
1227
1582
861
191
1757
3765
2799
512
228
1853
815
3506
1070
3377
136
898
3403
4045
538
1856
2655
1886
619
1320
2165
732
415
2321
3595
2190
350
2413
2144
592
3580
3568
959
500
3200
2899
22
3866
3146
1734
1740
1956
689
1391
1577
3850
676
2156
1992
3186
3454
832
2547
802
3333
3501
568
1881
3998
3207
2866
2095
2705
1632
3431
1611
3558
276
2865
2077
1146
1573
499
3907
2331
1860
1979
3601
2383
2402
1758
3932
2371
1063
2744
2212
1038
536
3487
2305
1094
2501
3284
3133
3683
3949
1732
913
2147
4045
1053
3413
737
3035
23
2239
899
3527
2769
2086
3685
2395
2251
3033
3548
46
1055
1581
1942
484
1400
4070
4043
1821
339
675
2399
1767
3511
512
3328
2675
2980
2530
2581
3967
841
127
2269
2151
760
2766
983
4025
2947
2005
4025
3933
2591
3047
3295
1565
3715
2321
1316
3596
2411
1080
2723
452
557
2327
3395
1396
113
1686
3465
2776
74
706
2614
926
210
3187
2290
3450
3574
1971
3491
1568
3706
3704
795
186
841
1228
2408
1899
2245
1964
295
3600
1869
4090
3801
1464
2294
2638
3462
3061
1808
2726
3765
2418
4090
3376
3553
867
1825
1154
728
3567
1019
3379
4001
2456
1485
3758
3291
866
3084
2527
2283
2632
1912
1291
1880
2907
2977
2576
2563
3051
434
1198
2511
223
883
1168
2036
3758
3836
3772
2178
3582
3429
3039
1360
2550
3370
1532
1471
3658
1321
1296
375
2778
1100
1815
1730
661
2595
2936
3947
3358
3014
2322
2442
3327
779
4072
968
1555
2936
2024
1786
2462
1639
1841
1615
127
87
1408
437
101
592
845
1264
3169
201
2113
740
3389
643
802
258
1602
3814
1497
1094
3585
1948
1758
3357
3351
4029
125
3346
575
2756
1843
1813
211
640
1618
1250
281
2004
1175
4025
1019
69
1266
1837
4094
3457
1653
1269
2770
239
2449
367
1196
3776
4013
3756
848
1993
1129
2357
1407
3966
1775
3353
581
2514
3096
1089
3112
2531
633
563
797
1124
3381
551
3652
1776
1539
1775
1155
3285
2641
2396
1833
3647
943
3930
1631
2750
2909
1844
1416
560
2685
2521
102
2244
2062
1298
1757
1867
610
1217
887
1577
1862
808
945
1424
963
3413
3426
321
337
641
1269
2056
2486
1105
1556
3969
1625
389
2727
1771
3457
1928
1088
3432
1046
2417
1414
3771
2148
410
980
1690
321
2095
3012
2150
456
1212
3285
2077
2319
3193
518
1717
2766
3638
2139
3453
1803
1862
3523
521
4009
63
3611
2222
2096
3009
2418
1762
2284
4057
3293
3054
448
957
442
2853
1258
991
631
2721
1708
1180
1843
3600
3804
2361
2335
2746
2634
1100
55
285
3711
366
1935
3842
2850
2506
1840
2172
1462
3566
3412
1639
2527
804
851
1555
1593
2642
3505
935
202
3972
1923
2079
3893
786
2585
3484
3788
1418
1172
2147
3912
1221
269
3504
2479
937
4048
1394
332
2020
3217
3411
3015
4094
1193
499
1313
3240
2055
2285
3605
1936
3910
850
2139
2340
748
2205
3377
1104
1589
3561
3186
2461
2619
1699
3126
1213
1980
243
2901
1729
2229
735
2051
3610
2181
3807
743
1705
1231
3532
509
1104
300
2363
3750
3641
3487
2843
636
517
2803
1369
4065
180
2609
3777
2185
1352
2471
3029
1167
1538
675
2474
3783
2930
3880
2764
2213
2472
1506
747
2969
669
3926
2764
2107
2302
3997
1358
814
2456
300
3918
1957
2301
2171
1191
2460
1468
1134
903
2930
2711
1681
2051
3501
3138
3157
317
2299
3536
656
3062
343
3597
832
1444
3711
2196
1438
1443
3701
126
3640
3652
782
2093
3997
2763
426
3990
4005
280
1429
76
109
300
852
2312
115
913
2945
176
3692
1393
2534
3138
2621
1258
3205
3847
3871
1860
1467
2661
2063
1527
2576
2844
680
2376
2116
4080
2466
2760
2883
1410
2199
862
1378
3037
2160
807
1294
53
995
1253
3394
3052
3799
1655
2412
3560
747
3964
2388
1299
2000
3896
1384
402
1494
2907
3904
120
1613
1529
3792
2467
356
1354
1031
1885
2176
1012
481
814
3122
2723
1404
2626
2358
3176
1481
3073
294
2982
3845
899
147
617
2257
167
1232
2335
2563
1391
1744
26
1724
171
2566
2817
1638
2139
2631
1840
827
641
2383
1475
675
1234
835
1115
3026
3260
84
1269
2016
2993
1948
2943
2065
2220
871
2449
1294
1586
2274
740
2569
1694
479
1169
1444
383
4010
3787
3337
378
62
3962
41
1625
3484
2936
2520
2373
3083
1745
4037
2816
718
864
672
4016
3980
2000
19
3366
1044
2135
4009
162
3263
2775
2117
3436
2869
1504
1969
250
2180
3101
3946
329
196
2020
4067
1439
3258
3830
105
3944
2398
1636
157
1920
3190
3789
3887
2622
3642
1716
274
3756
2711
596
505
116
977
3730
3817
2514
1259
3099
1614
444
847
264
1468
902
2345
1684
1753
3444
3773
87
2255
3093
2663
3923
1125
1087
3404
988
3147
534
2170
1972
2547
1264
1868
1175
942
3548
4083
1468
1975
981
621
2375
1606
3673
2158
1525
3435
2461
3387
1144
580
4006
56
3957
2031
1407
627
3099
3028
2373
401
3485
45
3401
2294
335
2556
2730
2830
193
646
3760
3923
1855
491
1697
3221
1352
3798
3794
1049
3835
2777
1881
2872
2944
2269
967
1858
614
2164
101
1306
3047
3565
1927
1797
1081
528
3159
2293
1828
293
2621
1252
3144
1516
3919
622
1983
3621
2626
3611
548
369
2236
853
1171
1489
3603
32
3066
1776
1719
843
2852
2462
3798
3604
1335
2155
3924
681
3600
1732
4054
1619
371
3620
2965
4080
2401
2836
984
355
3926
2374
1807
1910
2017
4040
2573
3100
2482
2360
3537
2312
1324
2494
3216
215
1092
2193
3545
3358
1472
2016
1566
3886
2622
801
2496
3399
1807
799
1840
1241
3970
2431
1941
1803
2249
3415
1836
2017
1557
2275
2074
1834
3583
2345
346
3414
3275
1478
2479
3044
2741
1240
2809
355
2600
3167
3130
3323
3441
468
1019
2124
1615
3288
2430
2738
2134
978
2528
26
768
2933
169
3663
1674
3782
1510
1163
472
458
3400
1138
3995
1289
1930
1146
574
4063
273
2393
1054
1843
2493
2621
2558
2345
1014
3403
1286
756
1834
3595
2100
695
4008
682
596
856
1394
1107
2823
3392
2375
3663
2533
698
2897
2072
4045
1908
794
1691
3281
3051
3900
3971
643
1393
335
2745
8
555
1183
3826
1858
3972
2642
3067
1553
2506
3269
3038
3336
2050
3860
1909
1465
1693
2886
1387
3105
600
1952
2098
2728
3035
1779
177
671
1272
1523
2604
1937
2152
378
2118
3019
158
3953
1472
833
110
3531
2353
1515
3760
3572
1446
699
2637
456
2708
2007
2409
2166
3465
3085
2124
3145
704
4045
2745
3371
2188
1994
4078
2121
3873
2186
203
3337
3372
3907
4033
3455
811
2278
3909
3703
1614
2071
3097
295
2356
2252
1434
1227
2986
1101
3061
1212
2566
3424
4033
3087
2716
141
3097
925
660
3762
1608
3336
16
2090
2329
2855
336
2786
1829
1064
2110
379
857
3294
101
1337
3357
1542
3765
3447
3012
2636
2386
1304
4036
384
3428
3379
4079
1046
3271
1946
1106
3170
769
689
490
514
1369
2577
643
2949
932
3534
1900
731
3840
2961
726
2597
1853
1731
198
311
1230
161
805
1796
1788
2627
4057
3474
3482
3644
2679
314
3876
3098
1868
549
3713
1555
2227
2192
2275
1528
3303
2501
2133
1629
1007
1587
3957
1870
2096
3456
1980
2080
2835
2683
1845
882
2073
1903
2019
3976
1766
2631
2545
579
1192
2393
698
409
976
1206
106
2516
485
3768
2561
3990
3184
2363
1713
198
3849
3202
2103
978
214
2995
2646
1999
1431
3012
3469
104
1448
2944
113
3070
1580
1893
1227
2189
1025
2722
2591
1501
3202
1646
3527
3602
3439
1851
1174
3248
62
3965
1282
2292
3412
2713
2234
2503
352
1980
3990
29
986
268
2763
1481
3403
775
1276
3077
2120
729
3952
3033
1717
2603
1267
471
1726
2522
3411
3908
1962
941
576
1467
1125
69
467
1059
3021
597
893
1630
3370
627
1775
1939
3803
3923
2533
294
1381
3747
527
2273
1841
550
3954
805
3541
3468
1767
4055
3505
2397
191
123
1698
3746
2956
3899
228
3679
2424
2387
2848
236
1460
383
1459
1257
3498
3001
1752
2223
2944
3055
2969
2125
2489
3273
2138
2972
3534
1016
3384
3450
3062
2645
1542
141
39
1541
2585
3891
2075
1988
1185
2904
772
369
3286
1637
3638
2051
4013
3325
948
3316
1952
2519
2616
1745
627
1132
3925
3681
425
2017
3816
1938
1935
2206
1139
2932
3599
3137
303
1344
2849
2293
1379
1304
1233
2095
2023
355
3608
700
2107
3904
1411
1226
939
1165
1695
3559
275
2087
1393
2842
3342
1
1135
541
3977
1251
1464
1047
1911
309
3116
3936
1535
2253
1084
2928
2925
1743
3951
2835
3462
3414
2844
1738
834
384
1340
387
3448
3579
1620
726
2814
2268
2682
8
3140
3010
673
4005
774
603
149
399
62
1978
1233
3449
2930
3480
98
356
1706
182
4076
204
2714
1989
2910
1046
2290
3057
2281
1268
1327
2980
2769
2180
2482
3190
3068
1230
1211
266
187
1775
1962
2587
848
1203
2064
3289
1987
2476
1603
938
1341
2505
3461
3850
2880
3474
339
1243
1406
4082
719
2523
3388
2326
4007
3705
2110
3237
1688
1643
2418
1279
3312
2334
2920
2751
2605
81
2744
627
1658
3534
2537
1854
3635
3911
2050
1108
714
3514
3912
760
794
621
2283
1573
3409
190
1642
2611
1933
2648
3225
2820
3320
3116
2434
1486
3640
3049
2840
1666
3215
2461
1928
1128
2594
1860
1124
3097
1118
1900
3144
1452
1277
3851
2256
1279
514
524
278
2513
836
1257
2839
2277
2456
4019
2959
1337
2302
2631
928
1284
3561
3580
3217
238
2223
1154
3046
2543
3046
2433
1177
3393
3796
1805
3551
2324
2534
1464
598
1761
3787
3143
1032
414
2096
394
974
2678
380
480
412
60
2953
3818
3916
3238
3001
1970
1546
1497
3594
731
589
3187
3363
3261
2268
1565
1221
4051
118
1642
1032
1338
2378
1839
439
3720
1592
2509
1371
2906
2586
845
3683
3273
3179
970
604
1333
3826
244
1244
660
2632
66
442
2483
3790
3077
2093
2615
1503
769
2704
2477
2556
2792
427
2973
1925
1514
3042
4091
3500
1619
769
146
2533
4090
2596
1715
59
3449
2876
1143
651
4069
2801
1901
46
3026
141
377
2768
2219
3145
2436
355
2141
3609
4053
847
1118
37
3839
1103
2942
1919
2169
1158
2309
1707
2316
1322
1529
3468
1426
1598
1774
1257
3543
1139
1980
1950
286
3441
2794
289
2183
1741
1948
1699
3238
644
1175
3986
3668
244
3028
3290
1511
1620
1353
684
2559
2830
3757
3997
1363
565
1691
2036
159
3738
944
1343
814
1679
159
236
1971
1971
2852
110
261
262
3736
1365
2609
3263
1032
2847
1916
1539
2298
1591
1772
1232
2041
410
945
4071
1172
1844
450
3486
95
873
2048
817
3692
2941
3889
2780
3829
2132
2602
222
3581
1997
371
4006
613
2580
936
431
106
2280
201
3514
3430
3549
2064
3817
1581
3369
3852
2378
3760
629
3291
1921
399
3752
850
3467
163
2422
3495
1575
2280
1848
2282
3136
1630
158
3096
804
1620
1947
1071
2873
275
2977
3579
3310
2688
3050
2845
3074
2351
1119
3397
3246
187
2750
1120
2916
1652
3471
3020
3836
977
3087
2777
364
857
1755
3904
2816
1365
2676
2780
861
168
4053
1702
593
782
1626
3410
780
2637
3864
1183
3716
1308
213
531
3109
2688
1373
1912
1369
2428
1829
8
1156
2653
3227
2642
3738
2047
1169
1796
249
1505
3565
2052
454
600
1165
185
67
2825
2895
2830
1637
1180
675
2894
1979
3756
871
3859
2968
2602
2783
382
514
1375
25
2151
576
2456
398
467
932
3295
7
2324
896
119
3580
2010
3865
596
596
3192
1526
1716
1163
285
454
3653
3580
42
1283
3460
341
440
1184
1845
4073
2320
3449
2770
270
2889
2004
1805
761
1431
3403
1192
2805
737
1063
2513
1005
391
751
1928
2835
3493
3102
772
2993
3040
2260
2880
1211
1245
3863
2856
2286
2356
917
3227
1628
3176
3643
2280
1250
3503
3392
129
1858
118
3642
2155
1069
3524
3235
2651
3775
3453
2076
3568
3925
724
3825
3565
1361
3283
2664
3495
2816
1547
454
3488
2304
622
828
1628
3514
1697
1252
1056
1434
1599
1022
1535
825
146
566
307
343
260
603
2387
941
4076
1630
910
2565
807
350
1993
3567
2301
1899
3300
106
2437
1705
2872
1070
2888
3070
1494
3975
1604
457
3317
1077
834
1597
643
2597
1775
1545
624
85
2493
361
1609
1652
89
3382
1204
3814
3871
1947
3391
1692
2372
2447
3566
3706
1736
570
890
3413
1260
2602
49
3424
1527
3249
4036
3247
2459
245
475
3636
1059
1279
3107
650
504
3232
256
3592
1498
849
3249
1217
2799
3067
1089
3999
120
3533
2510
2983
2119
537
3013
3519
3691
2012
1222
230
2403
2790
3359
3675
1574
3941
3133
3634
170
232
3940
2612
2554
623
3511
985
150
3171
2721
2337
1023
1676
1973
3657
2142
1549
2855
750
1187
1900
2741
1996
3181
451
1766
3123
1134
3399
1196
1366
3576
2068
1720
3242
152
1533
3584
1641
643
3766
2486
2429
1316
2187
1663
2131
3069
645
2736
1141
1210
3121
3371
801
371
935
1217
530
1989
1893
1683
411
1860
1336
3789
2026
2280
791
1473
3505
1140
2175
2737
342
3276
3356
3882
1042
1891
4006
2890
2925
1694
180
2395
3314
3554
3677
1703
3275
3778
1777
1859
2082
3644
260
1885
3724
2138
1504
387
971
3193
3794
2069
1408
728
2410
142
3832
1317
1882
572
494
3450
2112
3077
3168
5
312
2228
3464
3545
2773
204
2921
2172
2511
1484
1484
3892
3437
969
1571
2396
1032
1559
4065
1282
2720
1911
2978
3275
1491
3843
954
2035
4080
1613
244
3352
2909
963
3423
2255
3407
3349
1683
1504
910
2879
3003
128
1389
2451
162
2800
364
3927
4030
744
3626
2954
3787
2296
3849
2385
1806
3823
3599
2795
1236
2399
685
2352
1362
1371
1618
397
3189
2774
1488
2162
445
4046
3189
977
108
3946
2738
133
1268
1987
3768
3548
1817
1228
1324
793
1672
1541
937
592
2818
1664
1290
922
2130
940
4093
1549
3966
2192
2508
1868
418
2513
1635
651
3091
947
1590
1735
639
1640
1938
450
1409
1648
595
349
3206
740
2589
856
2632
3504
1540
3653
2169
177
3713
1471
2040
1625
3166
1015
1443
1274
1417
2211
1627
2630
1440
2744
3390
1258
2460
1860
3168
1856
327
2754
2550
1103
2898
2503
1359
3197
1387
4087
3245
140
1719
1457
3255
3094
978
3675
217
2526
3861
720
1469
3694
3753
4093
793
2981
1044
2836
958
3627
174
646
3643
1100
1694
2736
3053
4032
2437
723
1706
3281
2216
1890
3982
958
279
3325
1939
3319
1963
2818
3438
1983
374
1691
1464
3451
182
266
3363
645
3002
286
3186
1224
2596
873
3967
3279
3877
1687
2177
3728
1046
135
3379
935
1402
752
3055
237
104
1878
343
3586
3370
1970
3112
2042
2477
3851
1582
1806
227
941
3134
3981
2156
3862
3580
918
225
108
3528
1047
1459
2812
2008
3519
2688
3208
3642
469
707
1393
4028
612
3254
2360
3759
2177
2824
2814
2342
2869
2838
1899
2910
3681
3082
1199
426
2349
796
2157
2252
16
1443
2248
3937
3120
1598
3463
1183
2783
3200
2679
1518
510
3393
2696
2101
2065
1512
2124
1851
1460
2968
2155
332
1298
3364
3205
3127
3186
211
1088
3044
2406
1850
81
1486
1924
1676
3071
800
1470
462
1320
2350
3091
3176
2838
3647
2765
3704
2196
248
1245
2283
147
419
2508
2311
3579
82
3778
2452
407
2320
2997
334
3892
1815
3159
2811
1882
1628
1880
3556
3728
1816
3437
3245
782
538
3708
502
95
842
3819
2384
2414
3516
3773
2785
936
2122
3127
2531
2425
26
2465
1972
2238
3759
3213
2207
381
1106
2074
553
2135
3893
2627
1337
1470
170
2010
1900
3821
3764
2712
1479
3721
2140
2497
1547
1684
939
2158
2726
494
1372
2153
2201
3934
1054
709
626
675
1747
2476
425
3475
737
638
417
733
3003
2899
1962
1013
421
1151
2446
6
2366
415
2521
4025
1466
775
2297
364
893
2081
3488
1774
926
1966
866
1773
4090
1430
2934
3100
2351
2460
2383
967
4075
974
1263
1775
290
3609
3206
889
3546
2465
2511
511
1710
3406
1014
3465
3925
1965
1672
2899
3447
2645
1858
3015
583
681
76
903
1820
2657
1886
3645
365
2674
3972
1547
2727
2071
536
3165
3428
3308
3046
404
2359
2390
1620
1659
867
3461
1827
3250
1031
2201
3916
1484
1234
2162
2758
3433
3536
2611
1486
1502
630
1726
1528
3350
2401
2481
2055
2750
3253
4073
2251
373
2898
3599
2370
229
1024
1370
2516
3178
1040
267
5
2550
3276
3051
169
562
822
3466
1641
3766
3346
4016
1963
3822
458
211
566
2779
3618
3537
1027
864
824
3314
3918
641
333
63
2058
3473
2270
2291
4007
1790
330
778
3312
1170
3225
3231
147
584
1482
800
3802
2240
1548
962
3004
2897
1524
3857
3490
1626
1240
1824
3280
1713
1557
1256
359
466
1385
1684
682
3732
2825
116
1621
32
4045
3729
3098
3342
3493
2078
564
1818
2370
3852
276
767
4079
2263
2278
4009
2392
1246
152
2797
721
1652
2753
1802
334
4068
2880
2611
168
413
2406
3152
1808
3033
307
2560
242
3289
2277
644
2684
3038
3215
2519
1518
3439
1457
2320
3884
1016
3814
2032
2109
2749
697
3724
3432
2989
2484
1071
640
3336
2148
116
3257
860
1385
2817
2544
2525
3774
389
2017
1496
2379
469
3323
34
1924
1420
217
1054
3681
2957
3321
2929
3705
1782
144
197
84
3043
2830
3847
4065
105
1051
1499
2688
1060
2341
2874
1009
870
1874
2557
1931
432
3420
2438
3362
2539
2045
1312
3863
1349
3850
604
545
3039
2324
2406
2567
3160
2574
1461
2056
3926
3398
3617
2882
2927
3549
3472
439
1597
579
914
3153
2247
3233
1608
666
757
3850
1713
3308
3010
1517
3300
1661
864
2848
3932
1121
4003
905
235
2504
3656
1084
3918
1517
3408
849
3342
2568
2977
942
2579
2346
506
3578
930
3036
3351
4003
1798
3135
2417
1187
2041
251
1722
3354
4065
2036
262
382
3061
1351
3003
2209
3778
1054
2255
824
3212
2496
2465
1521
48
1605
808
3168
1065
3234
3008
1704
3380
3234
142
4051
547
2021
933
623
144
3799
915
3024
287
1164
3524
216
3004
2625
775
1819
3840
2008
462
1796
4090
2598
1054
2184
3711
2666
1141
3123
2620
3782
1217
640
1622
3375
2811
1265
4038
3063
897
1266
413
1327
1469
2265
719
1421
2142
2779
3612
263
3999
205
1006
1850
2361
759
1791
3334
3099
684
131
1558
3272
3991
2518
3893
142
2342
1262
904
4082
3204
3293
2464
4093
2972
2234
16
3118
431
2202
3687
3748
823
22
229
2573
3434
3893
81
157
2384
1327
3341
4045
3715
1470
3127
1531
3863
144
3756
884
1156
2248
142
490
1750
2042
2953
677
2678
561
2138
160
3302
2386
2202
3653
1432
1288
3033
581
348
3461
1722
2290
1396
239
3255
1775
2980
831
2049
115
3237
1956
992
1509
3330
1242
2897
1671
89
127
4086
2969
3976
3064
1029
4021
1505
4081
2434
3246
2586
3904
401
3067
2729
1934
155
3726
3807
1917
1512
3430
3164
2505
2065
2257
3311
2799
2416
2793
2220
3167
850
30
2855
800
3814
616
309
3487
578
610
2232
3786
3233
700
2054
821
2302
802
663
857
2537
2634
1763
1553
3444
1274
3112
412
1554
3919
3205
584
1506
3511
100
816
3989
2392
799
3292
1626
2207
1786
1356
531
2661
2271
3318
1006
1806
1516
388
2618
3824
989
2430
690
3512
929
2179
1733
2815
2869
2582
2215
1864
767
902
45
3732
264
2647
3031
43
1727
3573
1537
2274
160
2614
3397
1357
3030
3625
3479
3603
1869
1447
821
2192
1840
326
3769
1644
512
1351
1320
2599
3474
3223
836
3039
814
594
3387
1711
2377
3669
327
2268
1000
2240
92
2391
3065
4027
2574
3384
2918
126
1261
3203
3030
2230
3434
1764
421
1508
339
1194
1191
1401
2603
3924
4014
3228
3174
735
3163
2643
1656
1049
1535
1396
1249
2738
1791
2974
145
1432
1179
579
2059
579
712
2428
2167
2289
3357
3247
3863
286
643
2438
3097
3262
1217
2346
1293
3491
2451
1061
2814
3111
1396
3410
1072
2157
3950
4047
2461
3749
1473
3458
3010
392
3319
3912
3855
747
2768
3260
3702
52
2136
4004
1482
1282
3783
1510
3869
730
990
2797
694
282
1254
3760
1010
2221
1251
3374
3776
2465
73
3419
2131
2265
1127
418
1194
2394
701
1109
2175
471
3383
224
1936
1634
2309
1957
905
406
2653
1451
1877
2975
1324
813
1954
2832
984
2640
2183
3680
216
2122
3322
2491
3747
3284
2271
1358
773
1075
1410
2548
411
1188
37
2269
1436
2219
1351
2689
3099
3280
569
3335
3516
14
1039
84
3510
3840
3173
1199
1217
1459
891
2177
370
167
3834
1307
3776
3145
3966
2847
4021
1610
1302
3393
920
917
2128
3900
1173
2352
2252
116
2614
3042
964
1054
405
1904
2771
989
2508
3555
1251
657
3392
1947
3191
692
1983
793
145
201
2945
3496
1566
983
1436
3070
1614
775
895
2009
2794
3695
1984
230
747
931
2713
2515
1744
2649
1646
1088
1931
587
2567
2541
3524
1246
2237
1371
1180
314
1916
2049
660
2193
2957
3206
1451
4088
1959
3697
353
2881
610
3222
3182
3128
3059
2512
3188
118
112
3723
956
405
238
364
2154
2637
1591
694
1321
2826
2944
112
3032
3015
1224
3279
1813
2685
846
3563
163
673
2794
1578
2569
1026
2284
1387
1769
3977
3121
2241
169
982
3216
4043
1364
1562
2022
2543
927
976
3966
661
2374
829
653
1314
2496
3541
4031
1659
3810
885
1378
1387
1913
546
1663
3751
1221
3241
919
2615
3716
2181
2578
1846
1766
3038
2274
2926
3801
2090
1525
630
3489
3553
291
2340
3387
2853
550
1880
544
245
4030
1381
471
3681
1106
130
1974
1993
639
1271
1235
2990
2730
1821
1300
927
3006
2471
1457
843
3534
2625
2202
2819
3931
1533
3574
3623
3843
3198
2457
1104
952
1425
3787
2267
82
2234
387
1868
2089
3770
4053
613
179
3369
1481
1902
130
1157
3846
1984
1046
261
2335
750
2711
1124
2586
3864
3288
3212
954
3524
4085
3250
2122
806
3221
2552
3799
2557
3236
582
2087
1894
3607
2099
356
1185
1734
970
3282
1202
1129
1388
711
2261
3485
2320
94
725
3428
3079
3733
3146
2107
1377
3604
2196
531
3822
2217
156
3270
2637
2723
2645
1046
4011
1797
556
2996
2990
994
2530
4014
3474
3953
1035
2328
576
2853
2431
467
889
3510
3896
1539
2366
3192
1583
1688
1296
3075
1819
1879
602
2620
1664
2791
476
516
14
491
2543
3983
1182
2661
2097
3628
2338
300
1919
2395
1996
1545
1057
3634
2753
3676
24
259
2280
1788
3483
1811
1602
254
790
877
2036
651
1950
2862
2261
2087
1787
264
3067
126
4009
3769
4003
1828
3967
321
1026
1756
2271
2630
892
2386
2001
2473
339
3054
1560
3677
1043
3266
2238
1039
2415
2008
1570
3294
1599
1855
3748
2406
1904
2278
2299
1440
153
1838
756
2995
4000
92
520
3841
4089
1209
679
2767
2891
1978
460
4069
3740
930
3099
3507
614
3782
3460
1671
2323
646
3451
3620
553
3142
2359
1242
2083
1183
2268
4015
380
3922
3680
3774
424
847
579
3160
2854
2541
1699
2957
428
2632
1578
2670
3264
1650
1318
145
3251
1181
1417
2385
1379
3052
3264
2359
321
219
3222
620
3984
4036
2058
1574
3103
2965
2391
886
2627
451
3698
782
357
3746
3624
2443
1757
3434
1299
743
3348
3679
2632
440
1436
960
3631
3905
2374
3616
2772
698
278
2315
2196
1127
560
3286
3812
2234
3590
3879
101
1776
2499
1905
194
1662
45
1121
1642
3142
707
508
3144
1478
220
512
868
3114
3754
2794
3186
1672
1898
2014
529
3036
1965
3462
3689
1635
2868
2715
3208
3865
3543
117
1784
2022
1210
986
136
730
1220
2224
3426
39
2839
2667
2213
2643
505
2229
3694
2630
77
3460
3065
1984
3009
3721
691
3518
3745
3664
126
3571
14
2445
3065
442
491
2422
173
1685
2215
2152
390
2619
2284
1900
3177
2187
208
1163
1206
678
1899
2766
1649
2172
1247
1681
3843
3443
3068
2841
2637
758
2412
1934
1931
1697
4093
1082
1978
2682
3219
3172
740
1528
3064
54
3707
2625
2327
203
141
2835
2517
196
3898
403
1987
1971
3434
1425
1661
3012
464
2586
2083
2076
1141
3513
1076
2667
2091
1203
3259
895
397
102
1842
3633
1572
3871
562
2928
1192
3942
793
3426
2997
1379
1350
4025
2231
177
2944
3294
3736
2589
3160
141
3488
2462
3739
1616
300
914
2591
2718
1158
3991
2918
3606
631
1401
606
1362
3504
260
2547
2755
562
863
570
1610
3819
370
2190
3656
3471
2017
1958
2487
3925
2020
3233
105
3892
3994
914
1520
1203
2395
3556
1296
2723
2712
2553
2080
735
2081
2768
3420
2931
1586
3768
809
1976
3590
2801
1211
2716
944
1418
942
134
1458
3952
1078
907
2975
2121
2611
3045
422
1366
107
2691
4085
1520
1385
1672
1830
922
2183
2882
3975
3622
3764
1106
2929
598
2877
1423
496
3042
695
3021
1924
2072
1998
3047
1472
1871
481
594
1810
3087
3140
2056
412
3559
1896
260
420
2301
3707
452
144
2421
125
966
2853
752
3649
2775
3925
3588
4037
1287
2754
799
3649
3135
369
2853
149
2280
1437
1483
371
3031
2756
4056
1630
1356
3113
3175
1639
724
3870
3348
2585
3795
1788
3255
2174
145
3984
98
96
2820
2729
3190
3100
1962
1794
1363
1221
612
857
2347
819
2637
1078
1212
3972
1603
948
2954
2480
529
781
489
1110
2108
1552
3744
344
1447
661
2083
2913
2241
3295
4030
1121
1995
2501
1328
1271
1933
4018
806
3836
3459
2676
718
4069
3964
240
2533
3610
462
247
2957
2895
1160
2625
1232
2786
679
2382
1762
2895
4066
2165
2324
2705
2465
3959
3777
1649
2532
2069
1135
52
338
48
148
1829
2399
3903
2838
2455
3614
4023
1037
3664
1107
4020
147
902
3021
1590
1089
3442
3662
291
1882
1002
1833
2784
3323
2701
738
1900
2928
3289
3963
3377
720
179
946
2657
746
2995
1833
1800
1982
759
3249
1794
2329
1845
321
4090
3622
3089
38
75
3357
2238
2018
3171
420
352
3050
1190
3158
3255
4043
1225
1574
905
3046
1195
2509
1553
2295
3994
703
3488
2397
4046
1876
687
1046
923
397
146
1515
1353
1037
2181
1532
2501
859
3933
3259
1742
3445
3314
1254
2619
1594
3973
2040
2959
2724
3950
2434
2589
1147
4051
2190
2205
4067
1199
1132
3117
1088
1705
1975
3606
776
784
835
2278
3213
717
3852
100
3974
3630
926
492
1164
2147
3285
2008
3808
1148
3129
4009
1172
166
1367
2438
951
490
931
1422
2021
2032
2524
2506
2250
3548
4039
3383
2966
490
1600
780
1329
1636
1433
159
2868
3716
86
263
1234
1428
3365
3587
2152
3294
2436
4076
3247
518
147
3093
1287
3950
553
3797
1851
2333
405
1589
3544
2365
3039
2317
1983
3359
534
159
1656
2039
168
4054
2390
4029
2206
59
3702
1157
3815
508
3875
2769
641
4077
1963
973
3636
655
952
2411
205
1473
1757
837
2145
1367
958
2311
1730
641
3924
1563
3151
1233
4029
4071
2696
3978
2844
107
4082
830
149
2103
759
2097
1598
3991
3388
3247
1033
229
1015
3659
51
31
3306
2598
527
1636
1116
3102
4053
2085
664
368
2639
2286
1791
1460
1129
166
3959
3690
2998
3031
3328
412
3433
593
3419
2526
52
2114
1644
3973
1581
3737
1893
3074
846
966
3708
1965
2555
1933
2348
1357
2203
1582
1755
2762
821
2489
1584
534
4003
1838
2263
3156
3044
3551
3820
3152
2433
729
2605
2284
1175
2443
1616
2151
2726
2325
543
2549
114
310
2194
1000
1585
1660
3261
3244
1488
1096
1239
1807
4053
132
38
3629
3598
657
632
2840
1829
2586
2504
3086
924
3210
2894
2052
2032
2137
4059
3367
2763
1008
598
306
1733
2163
2785
1311
1222
3561
3767
3568
1780
3709
1409
3130
3051
2829
2573
355
2497
1807
3841
1545
1065
2802
344
1925
2530
3332
768
747
2363
970
1926
186
2887
1255
860
21
1803
1398
2529
1635
3962
2717
3320
1957
2392
2411
1314
1621
234
3965
1756
3450
3690
915
2657
185
3727
3100
1848
3479
431
3827
3212
1376
1903
3513
2850
2342
919
3788
4074
4085
2020
711
2004
2775
270
3619
616
2703
3670
3077
214
2306
457
1754
2092
1577
282
472
2024
1989
2528
1612
3724
2497
3962
1601
276
3672
707
728
2595
3691
3962
2536
3505
3203
889
309
1470
2952
928
3828
995
3168
3412
2874
3278
3031
1096
3696
853
3352
585
3337
2839
1339
3147
1660
2335
257
3122
2434
154
3778
1987
803
2482
3279
2093
260
3905
3633
3154
1451
3639
2606
2105
3773
2917
2805
2987
2396
3810
667
3160
2695
4034
398
3413
2528
4009
2536
374
1394
3058
860
3432
2407
2224
2883
3530
3893
2558
2665
1112
2067
831
2961
1010
2169
3096
3532
2431
1405
2404
1072
466
1986
1280
1969
1981
605
1957
3387
3860
548
2201
2233
4019
3126
1878
3011
1815
1813
412
1153
1158
2622
2749
1265
3488
2899
1789
684
1736
3727
1503
4071
351
2131
1403
1861
2650
2809
3216
2682
2016
2186
3114
3309
3949
3894
4027
2038
29
3460
1565
3999
1732
2644
2698
1826
720
3353
1529
1929
2213
1584
569
1727
1730
1562
2841
3351
1242
6
804
3176
128
2796
2711
1355
687
813
2802
1168
2847
1662
142
3966
3170
3253
1121
3016
1711
2431
1457
132
171
2334
3717
1223
863
3220
1863
50
3942
396
1740
2044
3247
1225
3256
3556
1346
3144
2795
2762
612
2617
1142
3372
1841
2023
702
3834
3936
260
2454
2954
585
1805
864
75
634
3835
692
3813
1542
477
1798
1668
3938
3083
271
1156
2489
3281
877
3442
781
1673
1036
860
3405
319
3913
590
3302
1509
1385
1084
2293
2774
3392
691
3876
1667
2278
472
1797
3187
3727
2187
2081
1347
2649
222
2879
1697
2829
3057
3102
1582
2775
2382
2544
3916
411
3649
12
2946
287
1660
165
1740
3899
795
1177
4009
1100
720
650
2529
402
389
3497
121
4008
3007
1677
3184
3805
1408
1993
1437
3250
654
2847
3307
3991
796
3114
318
2173
2289
3614
789
2196
1026
2198
3226
1532
2750
833
3019
2631
3526
1
822
1004
1061
3354
1857
3181
3131
2950
3921
4059
1198
550
594
1503
2544
125
546
1752
4025
297
2150
713
3648
3527
1909
397
1842
3573
1786
2296
3001
3421
3193
286
1776
224
2171
1663
850
1811
665
525
255
3585
2585
2538
3968
3730
2193
815
2210
2057
212
201
1329
1485
4082
4089
2061
1551
3382
1771
1765
2369
1300
267
1347
291
1828
1840
3739
2466
3292
1302
3051
1374
832
2728
2753
1580
1523
1361
2448
555
2638
2154
627
800
1546
1735
2439
4002
2184
691
1432
2706
2231
1244
2955
3668
249
662
1106
3818
3278
2378
617
3289
1461
2069
4065
417
1569
2638
3298
2206
2091
1182
2826
3698
1319
103
1452
1990
1894
2102
2190
2459
1933
2930
1764
1193
2777
2961
623
1224
896
4095
3309
1768
2409
2957
2008
3359
180
3940
2458
3534
2933
2241
75
382
3358
1029
3194
1942
3856
2979
1970
3920
1834
2579
2833
1015
362
4035
2444
4032
2176
1315
1685
1417
449
790
2595
2919
995
720
1078
2239
412
1526
4030
465
2219
297
284
364
747
2507
1080
1620
3473
728
2124
3201
1890
1737
853
3698
4004
2954
3097
1978
2376
225
1962
2471
639
3614
944
1416
2271
2947
1407
1058
2569
3538
3992
2405
2612
1733
3282
3527
3913
768
485
896
2761
1055
54
3409
3140
1510
1262
61
1139
3342
1411
1462
625
681
3826
1489
2498
1158
1062
3671
2902
1030
109
2596
1877
156
2461
3927
3918
577
2644
3678
1248
3584
1935
3991
2560
1212
3090
3496
2902
2239
1921
987
429
1966
1840
1892
3301
12
1254
3699
1690
1660
3950
3655
1168
1746
3201
2751
3459
3441
3663
2160
1570
794
1242
2328
3526
3492
2615
1909
1771
665
3745
2210
2474
3446
3046
2279
3700
3785
2586
2944
4010
3813
3611
253
2953
3959
293
3092
3080
3736
265
2864
3820
2446
3680
887
3243
2160
2768
2646
363
3595
3918
3740
1320
3742
992
1041
2698
566
1523
3380
2275
2159
1175
454
3891
3848
343
2778
826
1365
3321
1510
1550
692
1841
3004
2312
758
2149
911
1737
1774
1111
711
3169
424
2346
1250
3622
3927
2447
2183
269
3898
3282
1252
2257
257
2924
3373
262
2866
1220
3938
3636
2383
1892
3390
3050
1874
2922
1807
2114
3486
1574
1360
250
1473
3421
3344
1420
1176
3893
3212
2301
2216
1019
3858
1810
912
2557
308
3569
2605
2136
3274
2701
1858
2407
658
2480
2687
2967
3655
3985
1320
879
1432
3276
2952
610
3066
3086
3985
1812
3994
2370
3073
1533
2607
188
2598
497
1691
2985
2754
3244
3844
2320
869
1773
1502
1422
847
126
3484
1710
1619
3973
2121
350
1831
3299
2914
967
3757
1013
2127
1930
2015
4058
2459
194
1553
1229
2585
3029
1265
3453
1931
1886
1771
727
2514
31
2546
2764
802
1743
1791
823
815
2820
3279
1375
434
1754
33
1978
2928
1672
2967
1661
2973
2451
40
2596
1186
403
2192
3066
3721
1994
1215
2657
2823
561
2598
184
2913
3443
429
3693
3323
16
2849
3859
1653
232
2323
671
2092
870
851
420
3046
1666
867
1970
2406
1955
1138
3035
1366
3300
1168
2510
878
513
4079
2462
856
2303
3534
263
3231
3641
2573
157
2498
1107
3033
2822
103
1799
3706
496
1640
3662
2851
1480
654
722
3886
1835
1714
19
1847
2383
649
1640
2627
408
3653
1774
2168
145
2489
1718
2755
405
1687
2981
2850
2954
3488
1264
3002
244
1323
385
1075
3478
1597
2774
1635
575
531
1475
2357
3006
1776
2638
3580
2307
1825
3710
3506
552
252
370
1777
3224
3312
632
817
2161
341
780
1266
2871
2693
534
2229
328
2326
1486
2924
1597
1460
1785
3153
57
224
3628
3202
3476
2584
3527
1028
3166
3639
3432
1817
2678
3800
4052
716
124
3366
1278
448
1632
1453
3044
3996
3444
1934
3611
3442
3243
354
3134
3072
1647
320
20
3873
2036
1996
4063
2642
2475
161
3784
2957
3142
3350
627
676
2623
378
3656
692
2872
222
1068
3538
1145
2140
3991
704
415
2817
1459
1949
1493
3737
1824
2353
819
647
949
3672
3413
1268
3670
1815
1396
2895
529
4053
2713
593
375
3195
3902
1386
87
1270
2736
554
1664
3348
2387
311
3606
2549
2290
2265
1958
1338
1487
2005
905
3075
961
267
3673
2861
486
762
1011
1617
1545
676
3435
914
4090
3941
1708
3196
3914
2882
2597
2026
618
2783
1922
2745
1950
2161
1016
784
3189
1705
2629
1195
2999
1652
94
2821
582
3094
415
1210
204
1968
1430
2929
544
3228
1205
1551
2715
3027
2698
2140
2545
1899
3135
1774
2476
1415
2795
742
1078
698
3919
936
1537
2941
3157
1536
1022
1641
3803
3490
3403
2560
2666
1104
725
3062
1207
988
1281
3180
3778
1911
3101
1048
725
2246
3174
2388
4070
1868
3875
3956
2102
3437
3972
3042
1893
3078
1163
2214
258
693
3800
2323
3192
177
3823
3163
2172
1921
632
3405
8
2329
725
3679
3812
1764
1243
1322
673
2916
1341
621
3401
483
1893
3124
2833
1699
897
653
738
2193
2506
1844
3843
1036
1041
3317
310
842
794
3362
4003
2335
2489
527
93
3153
3059
628
1521
2400
1807
3221
3010
2480
2071
1178
3376
4089
2151
1061
3650
2572
748
107
3678
4079
232
1949
1812
171
1263
2317
3403
3853
3871
21
2805
3486
1569
1571
2577
2908
842
3621
543
976
2471
1539
1542
1542
2103
728
2612
3799
380
57
1301
3775
1250
1836
488
1010
2554
3087
3012
1855
4058
2422
595
295
1105
3391
1660
2387
690
1065
1633
2577
958
3413
1952
455
1037
3099
2427
3602
2747
1589
826
1076
4043
1461
3961
3815
3083
2829
1944
2044
2234
450
4019
498
459
968
2127
2361
2112
3992
1916
3182
1972
3516
2617
3550
943
2013
1126
3287
3391
1478
3218
3224
2544
2757
3639
2297
3246
682
635
3879
381
764
3006
2866
1874
2636
3522
3533
2245
2459
3722
2168
2314
3534
570
1676
1417
3778
1544
422
1067
3352
1372
465
193
2934
537
2855
1795
3509
3712
3858
401
463
1126
2600
3037
1993
2731
3734
3516
3300
2927
2832
3130
2793
3755
2401
3137
3746
2696
589
2958
2164
130
2766
174
978
1392
791
2996
1494
3677
3612
785
1676
1411
3329
15
3066
709
30
546
3016
310
1916
160
2554
851
3575
2412
84
3151
3702
65
524
3261
2896
2516
2374
1768
1926
2456
1655
1038
1065
225
1980
100
98
438
1772
2485
3700
573
3290
2240
482
2169
724
1664
3397
2940
3317
3097
4079
2510
2956
3684
3534
1801
983
521
3568
3049
3435
2237
3388
1368
1297
1932
1831
3154
272
4080
4052
1802
2407
3777
3615
3868
1705
1374
2216
2323
3500
196
3134
568
3349
367
2600
1832
1231
1884
2282
728
3589
93
3718
764
26
166
4029
761
1548
188
2889
3654
1018
3114
3358
157
3522
1712
2879
3767
1503
1425
1075
1296
2701
3121
340
863
212
1869
3749
3207
2028
2500
2186
3667
1395
2816
2657
2302
2705
1757
2223
362
115
1311
3752
3854
1774
3217
3611
1150
2497
2190
3700
2782
1612
3743
1681
1058
217
1339
2491
1788
2810
1668
3755
2430
54
1540
289
3604
2010
3143
2725
1257
2364
179
3582
4055
849
793
1546
3151
3753
3541
3735
3936
3407
1064
2317
1577
2134
1950
3970
712
3837
1539
495
1619
104
1327
250
127
2635
2070
2442
958
448
2614
2299
2499
1909
165
4057
3912
2712
2908
3472
2795
2628
3491
3288
2761
2140
3561
749
1495
1543
3940
1440
1771
3391
1267
1537
1416
3697
2746
1692
3077
3864
1092
1399
171
2780
2953
3217
3511
788
3670
1164
3351
2400
3991
3655
1486
163
3830
902
3855
3333
3215
823
1250
3492
1732
79
1070
3881
3354
642
2793
3759
3144
584
1945
1280
627
66
3287
1150
1759
278
164
1595
1505
3586
2220
3559
2168
2768
1497
634
1512
1646
3567
2457
2077
3177
4093
2763
149
1456
470
2232
659
338
789
973
1456
627
736
1465
2963
1780
66
151
2429
809
3379
2674
2806
1648
3135
2331
1853
2368
42
1284
68
2111
1157
3148
144
1086
3435
3471
3171
2417
2447
3339
905
3376
1442
185
2230
2609
682
2919
1175
3448
3100
3818
3164
175
1276
3875
3345
4093
2320
2377
2731
951
3721
1429
3949
1533
4017
2351
3981
2005
306
695
2727
2500
3541
2389
2938
1914
4077
820
1710
659
77
2900
3647
1525
3972
3530
1670
4018
2175
1707
3357
935
3969
1306
3667
3405
620
1390
3325
2495
2485
2222
2603
1013
1228
3285
2396
3272
3943
1231
3613
2639
1512
1992
2522
2289
1320
669
1473
1000
203
1820
3625
2282
832
960
2166
1495
3575
330
1670
3829
108
1512
2017
2740
4016
2148
163
304
918
123
2676
2657
1030
3027
2114
1609
754
1734
2254
256
569
2815
2410
2893
2061
2446
2420
1249
237
3969
2053
1492
2514
1189
551
3908
1281
2398
2116
2767
1057
3116
2417
3329
823
3776
642
2415
2416
502
2632
1816
2533
1065
3810
3097
225
1046
733
2701
3338
3404
1714
2417
2221
3363
2660
2228
3363
3205
1005
608
4037
274
1450
2292
4042
1648
1439
1454
2568
3217
1482
2473
3491
267
5
686
3071
322
3208
1663
3507
2308
1706
1263
2516
2712
1874
4037
4013
2044
2010
783
2488
1223
552
1051
3870
2516
2203
2973
1211
1744
1867
3928
3149
3862
3304
2501
863
1739
2686
38
2147
3113
2163
3916
3044
63
2418
1001
1780
392
1501
4018
1958
621
717
2828
16
2613
3186
879
1082
1002
2164
824
2088
750
1954
1275
1710
699
1733
1184
3352
2268
1002
1750
2202
923
3384
1974
2725
411
775
990
2062
3670
608
3452
2543
3491
2237
1364
969
3608
2782
368
2116
3567
3616
3729
3102
3047
3605
1498
3062
2970
1571
2546
656
264
350
2445
471
2505
1111
2227
1613
2987
1333
435
1617
350
3267
2618
3825
2612
1115
517
3906
2070
3159
813
90
1116
1810
523
1747
471
783
1037
1190
2286
4022
3925
1775
1142
2097
4014
459
1864
6
3702
890
1783
285
2587
1771
338
3101
4012
3039
2981
1027
3573
2212
3177
126
2600
980
3155
3699
1476
1194
524
22
3250
3461
3447
2708
3174
113
2613
2609
3573
3081
3029
2747
13
3832
979
2069
28
3019
1890
1264
1829
2407
374
2295
3667
1806
1027
3935
3676
706
3094
3125
903
1261
811
1433
3029
1677
3303
206
1883
2190
1577
494
394
444
2495
2654
1912
1550
1558
2152
2561
1839
1089
2398
1395
3826
2640
2194
2899
3709
2556
3842
819
2398
1284
2135
3435
2916
1658
2860
526
1850
842
3892
2458
550
2238
908
2695
1405
3319
1055
3051
3733
2719
753
3941
2727
2879
3630
2869
2940
3168
2210
1842
3919
3969
741
1703
1645
196
3997
1078
1281
3354
3644
3835
536
1020
2914
4020
3370
3517
3225
1178
3084
563
1295
818
3509
2180
3219
210
2064
3406
204
2915
645
3257
4089
1484
3666
3643
3426
3320
2819
1242
634
2826
288
3660
448
197
509
3977
3443
2100
422
308
3772
3873
1882
127
1672
3201
2771
2296
3817
2164
903
1063
3416
1712
1021
3241
1091
1614
257
3997
1567
3406
865
3009
1875
1889
3910
2054
402
339
443
2482
3494
794
2822
1179
1529
1626
1305
2739
2379
734
3660
524
55
3022
2280
3347
2848
3058
2204
4058
1223
727
337
3129
2409
3977
2327
915
297
1357
1572
854
3243
2387
980
249
2678
3958
2263
1455
1323
3892
2096
2938
41
359
1043
2310
3065
3536
2912
1953
2692
761
882
1979
4057
3489
1218
3497
2119
2430
520
2731
336
1655
3532
2185
3933
538
2550
1998
577
1367
3587
310
1974
3001
3354
2515
2112
1572
4074
16
1295
1965
71
427
2421
1324
1598
900
3978
2406
713
972
1862
1394
2252
3940
1358
979
3537
2906
1280
1701
1052
2854
651
2075
3519
3795
1582
1221
3284
883
3012
1037
1821
1432
3534
3609
3097
377
2999
2735
2670
3388
1713
4064
3674
3166
16
3365
1336
136
3676
614
3857
901
1945
3706
2253
3040
2394
1146
3179
2943
2899
2221
3587
3334
2537
683
1278
3482
708
1734
2089
460
2070
1793
111
1094
3119
1475
1540
3242
1294
1801
515
554
169
1564
1917
1096
234
3178
1063
1946
3511
1269
3579
4092
1836
3562
3312
3744
972
3720
1090
2742
1101
2439
3503
2700
3676
1254
3923
1743
3801
190
2174
4071
1628
1113
74
2626
3677
2098
1394
3376
1796
230
428
910
3806
2818
3075
1903
249
2946
3544
2672
449
2663
1784
233
3258
632
3896
516
996
107
442
1105
3692
1366
2372
1033
542
3601
3210
2756
3151
946
2242
3930
1330
3912
1713
2993
3393
390
2277
1288
675
974
3779
4082
1828
1894
2808
559
1686
1915
868
2170
3456
2647
3936
1101
2816
2992
1330
2990
3017
1036
3079
2393
667
3495
2227
2039
545
3711
63
3676
3135
587
31
1223
127
2417
3411
1975
112
1775
1536
2428
1674
3627
2908
2836
2367
2730
1894
876
1684
3709
860
1616
3565
2147
845
3646
1348
643
2863
3298
2244
2128
581
1630
395
434
565
1467
3780
436
293
3937
3650
1640
18
1093
186
3785
2433
2929
237
1710
460
2588
1276
3422
2724
2602
2615
3206
1760
3629
1545
3076
2125
2524
470
477
2174
833
1612
3317
4079
1759
2741
350
3567
2050
3344
2377
2633
3821
4015
571
160
3050
2850
1375
980
3824
102
3995
3408
1247
1098
191
1032
865
2975
514
1396
841
953
3274
3015
3513
2578
1464
1975
2340
2361
1661
950
349
3977
2817
3315
1569
1062
2986
1488
2072
297
3544
2103
2674
978
2202
3267
1073
467
3590
1987
1907
823
3771
2637
1326
1519
3868
82
725
2078
3797
3112
4069
2875
2972
1150
2070
2480
873
187
856
2173
3422
1061
2679
673
3446
1233
2496
2023
3936
2464
3431
1418
2337
1954
1043
1502
4011
2757
1501
2872
1546
3892
2746
2278
660
2878
2944
1126
2386
1701
1597
1000
1507
3822
1416
1724
2872
2738
2600
959
3275
3187
879
2660
2754
1914
2960
28
2002
2542
1317
3573
1373
3774
961
1368
117
998
3977
1647
3215
1885
1220
4002
843
329
3848
2584
2000
1166
3291
2906
928
2480
2166
16
1202
1596
3293
3233
1891
1622
374
388
679
3316
2479
988
2278
911
2648
3745
870
841
540
2526
3441
976
3276
132
1265
3070
626
2132
1159
3639
1549
851
1351
2827
2056
3494
3864
2319
2847
1157
3887
3465
2556
3867
3925
727
3030
3427
1390
1123
2017
2131
1587
613
2803
3806
4010
2764
3861
769
770
2297
2990
3527
793
3212
1566
1281
3435
2403
3669
2862
4033
2889
3856
784
1112
525
2430
1132
440
519
2728
1218
2445
2272
3541
1291
4092
1271
2680
3637
3693
2744
2904
2226
847
394
193
1083
294
495
3980
3387
3254
705
1357
1126
2197
2270
197
2927
2881
2668
3642
1933
98
3031
1627
2287
3652
2134
1491
2714
1190
2653
3245
3036
2455
1885
3197
3919
795
486
2314
3995
1160
3291
2465
3430
3994
3305
1805
1868
2614
2955
3462
351
2013
3851
3666
3325
427
1995
2973
3857
2940
1511
4087
3382
3583
308
644
1022
3210
1079
534
1204
1796
1230
895
3853
3029
3473
775
2428
3924
409
337
3124
2275
2175
834
2980
93
341
468
1431
82
1938
440
2324
2031
3905
2189
3577
1294
3588
1748
1130
3703
3243
402
66
765
650
2124
2648
3636
2491
3608
351
868
3069
1761
3372
1547
2451
3107
4087
3067
1188
3771
3860
3484
3310
467
2701
1515
3643
3156
3339
2870
520
1472
2842
3492
1586
1409
3688
2363
473
1253
395
1849
2095
3448
3386
2093
688
2544
3384
3390
3393
478
1368
1178
2791
1909
2471
3723
3580
2306
177
3490
140
2087
1223
1883
3780
2697
2951
4067
2478
152
3427
3739
4052
324
1390
3268
817
2417
3144
752
4057
1307
116
3350
1178
1256
3638
151
3249
2174
1652
2548
2949
2927
2967
1022
495
625
986
349
2818
3519
1890
2772
506
2624
1030
3760
3246
2213
2175
2369
528
1414
1899
291
1621
1376
3138
3150
1302
4013
3701
684
3671
70
3425
1525
2399
1614
3312
2581
731
2768
3014
3282
904
2685
2612
2043
2939
3627
4058
3255
77
1601
2364
1537
2436
3435
3538
1628
819
3308
107
2693
3541
795
3467
206
158
1261
1531
825
3427
2110
1411
1410
1732
3290
2519
543
1771
4072
2792
3122
587
136
2322
1940
3817
3820
3908
247
694
2728
1322
1909
2103
2360
3386
3041
3033
947
2702
1736
1352
2715
1035
1205
187
2382
2232
3467
1034
1480
2525
1212
253
1105
3983
1970
1257
1164
3932
1847
760
910
1433
3367
1054
2109
2673
2859
3390
3753
3604
770
1368
1135
256
3722
3756
91
4051
3825
3251
4031
1789
1630
284
210
798
1123
852
3959
2917
627
1428
1873
3235
2792
1744
3150
503
705
1930
3997
3770
881
4055
3636
1450
3480
3942
833
935
2219
402
2821
2453
3773
2351
2863
3851
3752
3818
823
1498
1172
375
3593
3399
1179
3794
1945
1778
380
2069
3381
3928
3308
1092
3225
1076
1213
2272
2121
1336
3125
22
709
1687
1694
1822
131
1609
777
3775
1089
2670
2674
2226
233
1609
3632
222
2702
3243
30
1612
2422
3249
3005
335
4053
3632
2902
98
3787
2870
309
1050
2534
3647
3217
1170
48
3866
3463
2153
2118
1440
3458
3739
1187
1792
3281
827
366
1914
3833
1112
3901
3999
4019
3716
1766
1902
3397
750
2107
2030
4007
3801
4085
3758
660
1394
1436
866
3760
3861
115
1850
1544
3676
1793
1096
3918
1901
3229
3033
1266
3665
1550
3682
1509
402
656
1425
2798
2239
3038
684
4046
1507
4010
3522
1556
1353
206
2851
2661
64
3968
3879
3021
3650
3921
2246
2932
2023
1464
392
753
4095
1846
2632
289
1124
1785
790
1076
2282
1820
1083
2994
4021
3998
3118
997
1394
2487
2785
2891
327
286
2296
3625
1040
1512
1126
3352
1293
1710
698
935
1428
1349
2958
2780
3008
1926
1698
834
1484
3659
341
2991
2754
4006
2105
1881
2187
3139
2751
2533
2029
1144
342
3048
2232
3691
2881
1645
1875
734
3772
3020
3785
1744
1269
3598
1298
3997
1005
1785
363
2161
466
3586
2908
3821
377
3441
1718
86
941
1999
3788
2759
2035
3069
2373
2283
2870
2289
2440
586
567
517
324
1572
1047
2505
3271
2113
3585
743
2503
391
1006
3633
1821
3645
2709
2075
3013
851
2851
338
4072
624
1278
2258
194
2188
231
1841
2979
4034
1486
1288
2602
2775
501
2716
3836
3556
925
1385
601
1237
3263
2708
3100
2790
1114
3367
894
2782
2514
1233
3173
548
4055
2090
4095
4092
1392
680
739
3816
249
926
3236
2120
2583
2307
3889
2901
128
2813
3443
1704
2971
1739
580
647
699
238
3718
2308
2263
2223
2943
2992
239
52
3214
3163
291
152
702
126
489
3337
864
341
2454
1447
1712
3675
1841
2151
1734
3022
927
4066
2220
2261
2189
2738
2948
3652
2957
3786
2566
3935
3297
1839
921
849
366
916
1000
1290
620
1611
2361
2143
3294
812
66
2959
2677
2952
496
3147
1289
447
1594
3899
1319
1495
3199
1590
3342
1064
2771
536
883
1818
1435
1662
2161
2480
1988
384
3741
510
2403
3320
3963
875
1385
1661
1736
925
372
2215
1907
115
1343
1033
3699
3759
3338
2530
1443
434
2618
487
855
2788
1387
1175
1807
3531
3214
2096
825
3397
893
3961
1825
1110
2602
756
2175
1191
1485
1960
79
1955
1247
3249
3583
711
3854
318
3527
3181
1072
3720
1367
375
316
656
4094
2118
3747
2571
2037
1118
1074
68
3862
2200
3235
1589
1560
506
973
2159
3917
1047
2658
215
1564
2719
876
909
772
1088
2050
3054
1796
3161
3703
544
2026
624
1025
1529
2541
3171
3548
2818
1372
19
3545
3899
4034
1335
2246
1331
985
863
1800
2002
3325
1826
2875
449
864
2691
3752
593
1553
31
491
249
181
4042
3749
2376
3764
3259
501
570
1288
3075
3207
760
818
3926
3944
2192
1314
415
705
297
3651
3709
1536
3894
2668
810
3094
3031
1434
1328
3510
2166
719
1278
3420
2349
1920
880
1800
4015
3470
3645
3964
1107
701
3333
3219
2781
1608
1302
415
1979
1321
863
1194
759
2733
75
3586
780
3015
2142
2275
1051
999
2450
224
3797
833
736
24
3372
3940
2882
1527
1493
781
3877
2310
2478
207
139
1212
3361
2179
126
560
2878
586
1409
3830
2288
631
3493
4088
2884
1819
61
1916
2257
1317
4061
2552
3550
3982
661
2765
2201
1877
2693
1322
1488
952
645
2739
2057
2230
2092
3789
2336
2427
3469
2279
2364
3594
984
3301
2547
3313
3020
1765
1118
3791
1960
1109
3691
2003
4034
1680
49
1562
369
3836
4006
2129
2065
3773
1716
3951
837
2654
3515
1038
663
2365
249
1547
3531
816
3264
127
2900
4006
1383
2517
4087
1948
532
3664
2292
2780
1460
2009
3076
4044
2389
1629
2776
1387
1406
1627
2759
2442
3540
2676
2450
2988
2114
137
883
1167
2834
2435
2054
4078
1268
2328
1043
2508
2013
579
588
2896
742
3371
2527
1984
739
2269
1020
297
535
3230
2306
808
1215
1473
2105
3231
2190
2719
2494
1165
1097
3665
3671
65
2755
528
433
1308
2756
2244
2287
1581
1743
1312
2527
1253
3938
543
2244
3685
2822
2873
2798
795
2879
1756
3165
696
761
188
481
299
2573
1524
3697
1274
1919
1670
2819
809
3500
3854
1313
2794
1056
125
2251
3716
1993
1091
160
1074
1083
2737
3195
481
3114
3386
1325
1498
3012
492
1335
3906
2492
3773
1245
2020
704
759
1475
1807
257
3657
3365
73
4053
1214
1430
2586
459
100
2542
2685
2364
4000
462
362
128
3611
2675
570
3805
750
3907
2113
3359
2106
2604
1046
2521
3441
3792
939
3209
703
802
159
113
3393
2363
622
812
2167
1878
903
3058
1469
197
320
3999
874
2146
529
1196
3881
3450
2617
4032
1467
1878
767
1023
430
542
772
1872
1797
3332
3930
311
2298
2785
1259
117
3273
906
4052
3398
66
197
1723
22
726
1615
1823
1222
3485
3789
2259
1618
3432
3268
2740
837
3548
1199
3391
1857
1456
3985
4065
912
536
1725
3114
258
3582
3752
1207
2774
4077
4050
2331
2172
629
1185
303
2118
3622
3253
2881
1425
1340
1416
464
2904
2997
2817
3985
727
3130
3121
65
3504
193
2200
1631
645
3582
3353
982
1598
78
3645
3254
332
455
2722
868
2764
605
3772
3546
3912
2156
1082
2496
135
1229
1965
1098
3072
2893
1832
2826
2163
1971
4000
2722
2264
1264
1672
3268
733
501
735
3431
2559
3137
821
2587
863
3757
3829
1041
2158
2011
3071
1187
2645
1611
2304
3004
650
594
1867
256
2647
4094
1572
3094
1675
2618
1277
1010
1655
841
803
543
3474
1972
932
1554
407
3806
267
1247
568
3516
1605
2218
2677
468
3569
463
2448
3206
2995
3826
1197
592
3018
3628
3069
2955
2367
3454
1468
2456
2770
2502
2537
3169
1413
3007
2293
990
1781
1019
3070
3816
1262
3316
594
2758
1771
2025
140
2326
1778
233
1249
456
1014
2663
585
3872
276
2248
3186
1666
106
3867
1066
202
1908
18
2444
1697
2397
3216
2492
3128
3650
1570
3763
785
1603
454
2850
926
1751
2821
383
746
490
1805
3057
231
1882
3759
1077
1559
2248
2967
3920
3842
913
1465
4002
1285
359
823
653
4039
763
134
3230
3619
1388
803
1041
1106
3996
1624
205
388
534
3500
1819
2560
3877
1098
2710
980
1296
983
317
3004
2632
606
1512
668
2932
3962
1670
305
3950
2139
203
2167
734
1575
3099
3989
1713
2634
70
2592
577
2563
42
1404
1157
1380
2127
710
428
626
350
2948
266
400
2869
505
3253
893
3856
3205
2331
3944
1670
185
1970
793
803
3949
24
44
1976
315
1647
2706
1907
3748
271
2305
3173
2060
1161
1188
3428
3419
1566
130
2630
489
1778
1457
1594
1294
3087
2109
2534
326
2263
3938
3864
117
105
170
986
3952
1596
3226
2528
2459
258
3202
3841
2805
1198
919
1247
3009
3797
3467
1638
2773
3440
2434
2113
946
2248
3266
3268
2992
2145
4063
1190
3747
1843
1016
1099
389
428
3082
413
1862
1253
4095
3997
1069
2743
2922
131
3184
1057
93
3404
2409
3149
1448
3448
1573
1374
3630
2338
2873
3378
2205
3693
153
1610
583
1014
2786
3909
1818
3966
201
3969
970
1106
2567
1925
3423
3888
2300
1164
1232
2179
3427
863
802
2907
3190
2040
1399
1383
583
868
2628
1946
3317
843
1727
2166
436
1126
3020
2124
3024
1290
1168
3653
3145
1252
1146
2500
2697
2707
1731
3501
1825
2946
316
1033
687
1094
2156
1913
3359
3159
1580
3903
3219
2499
3648
3792
1843
2076
1446
3829
1907
802
828
2629
936
930
1660
3805
1031
2665
4047
3428
1460
3322
870
2182
1666
1671
2020
2949
2255
598
256
3054
1244
327
226
686
2196
901
2588
1226
947
3112
1121
612
3661
552
627
2334
3905
3511
1488
654
1022
1795
2087
3909
446
690
1594
3129
1440
11
2091
155
1960
693
1845
1362
273
1484
3030
2086
973
3865
3341
3104
237
3726
1946
4076
1046
3004
2313
1774
3324
3141
3632
3761
2953
692
3453
1553
3937
770
3083
2746
1108
3501
3724
3812
2767
2192
3163
1268
2570
3305
1182
3114
2070
2360
693
3010
2807
2615
4092
3028
2823
160
873
1319
2799
1748
3729
1196
3799
2950
2327
1895
3620
3078
3993
3107
2272
3882
1971
910
3555
3868
1726
786
3692
1444
2130
1219
1298
475
1350
1374
398
423
3459
2166
1274
702
625
2060
1630
1984
1583
2355
1183
1782
1155
2922
1456
332
3366
3013
3180
2474
483
4007
3338
3599
884
3570
652
3285
304
105
3219
3182
593
1590
2270
107
2714
2871
86
3190
1888
2067
1898
1874
1144
3160
1431
3774
3506
2263
3631
669
944
483
2206
1087
1004
2465
1065
723
1152
2391
2280
3090
3173
300
1378
2117
1883
2266
901
1146
2788
2815
2860
422
3311
185
2575
2007
3389
4043
2286
7
4073
3536
499
1503
2562
1069
3738
3111
3444
2701
2742
3667
1615
2081
3202
42
1709
3075
4050
1386
2969
1416
2483
1212
117
812
462
505
1995
1714
654
437
3196
890
3093
1362
1706
1136
1287
3694
1230
2864
999
466
3099
3204
3130
1001
3396
1122
1937
636
2036
2942
4002
3572
1901
1718
108
1718
2854
847
1785
399
3448
3185
2805
2587
3406
98
458
3591
4031
820
1662
458
790
375
2237
2513
3022
2736
3390
1777
2796
171
528
1821
2144
532
1992
3428
2348
1507
61
2212
504
3690
3936
1310
1322
2104
3205
805
3959
1415
3425
3571
1209
2180
1223
1031
2409
113
3867
2742
3132
3055
2905
2383
586
117
3751
2080
2121
1514
3073
3142
3413
1104
762
3496
876
3518
3932
2595
91
2763
3860
2896
2003
2157
1848
170
2415
1132
3577
2101
3947
4094
2814
1726
2402
1862
192
1907
354
2402
3707
1594
1938
3900
1637
23
3321
3505
3613
40
299
4021
3895
1014
1822
146
3050
1452
734
4089
976
2025
2935
1535
1659
532
1747
1792
638
2565
2153
1106
579
1597
952
3886
3867
2852
1107
1736
2342
3493
3580
3470
2776
3495
1936
2002
1521
3080
1693
3337
403
1803
1742
3158
3717
3823
1586
2213
2453
127
1815
809
940
931
1878
2815
3880
560
1625
1842
1243
242
584
2438
3962
1021
218
3465
1081
2291
301
3402
2017
524
1277
2095
3711
366
2480
1496
2630
3811
3497
3016
464
2637
3546
1695
1349
16
2178
1350
1296
1355
1392
2545
343
809
1634
2059
152
105
1835
3856
659
2320
1094
3797
3891
3462
3343
3384
2360
290
2459
2084
3276
182
262
588
1914
797
1150
12
589
3865
1942
2514
3087
2514
1016
3271
489
4018
932
1243
2928
3365
3608
31
1264
1917
1572
2105
3974
826
2302
3857
642
2962
607
990
2553
3463
1872
335
1658
2247
3506
1047
3260
1356
3311
1479
2854
1838
2668
1290
1557
3808
3531
2157
1427
3813
2262
2570
2459
1116
3909
3884
3649
593
497
1257
1570
816
2044
1808
1047
3418
2275
1095
2883
536
1193
1128
743
272
2433
2944
2649
1245
1256
397
3270
867
545
633
2329
2257
2187
3744
2341
1970
1883
3460
2751
2531
660
874
2843
2853
3083
1189
250
1307
504
1138
2112
291
1780
1875
1258
2396
3479
3159
2990
3581
3352
1090
3096
1365
470
3759
260
1851
2412
1465
1224
3271
1105
1185
3830
3091
1930
301
365
4076
910
1766
981
536
1806
3899
1427
181
1398
1967
3437
3325
4004
363
2959
156
250
2320
974
2870
1261
2316
1807
81
3888
1216
991
2336
2588
355
659
1483
2512
2856
1041
2768
3069
3067
2381
3466
291
3798
2472
2365
2442
2049
3195
3213
1788
2713
413
2402
793
2034
4074
2817
3503
2894
3649
461
3364
3291
9
2355
2159
1536
2158
3860
1071
3106
3128
40
167
846
236
450
3700
2772
3361
2668
1595
2991
130
2770
4058
3386
206
2436
2936
3564
1250
2600
125
2557
1481
2357
4011
124
1878
376
3958
2418
4034
2271
215
1689
3696
93
1350
2851
491
3176
882
3643
2694
3741
3155
409
2142
1700
99
3561
1006
3672
3002
3119
3876
1544
1088
1783
3474
2967
3031
1505
1520
3144
2967
437
3189
834
39
449
2045
48
1869
3995
2823
2965
1421
2707
1688
1538
3569
2495
344
1533
182
2353
3189
469
382
1876
890
795
176
976
943
1238
2091
2199
2878
3146
1456
1455
3600
389
2383
631
465
892
2720
2674
3861
2651
132
3820
1077
1206
2925
3149
139
339
1264
1765
3252
2217
1716
2742
1922
593
414
1784
1147
1679
1253
1223
1643
142
454
958
2238
3220
2057
2239
1097
3980
807
3594
809
2354
66
1328
3998
2334
2656
601
936
2160
3779
3266
3925
945
200
244
3699
542
367
1223
1458
1761
3873
515
3482
2593
4084
723
230
3191
3567
3536
4050
1910
246
3734
429
442
2639
1183
664
574
3729
1134
2724
972
3650
820
2992
1053
2989
258
1886
2769
2220
3282
2271
3539
3119
68
307
2187
571
1126
2020
3966
1620
2520
1179
815
1823
2526
825
2540
3801
1391
3683
3757
540
2073
942
2212
316
2592
358
741
2495
3801
1323
247
2182
1512
898
2874
1049
1668
100
2193
3541
3571
831
753
3425
156
3755
1636
2180
3779
361
2018
646
1262
3261
3543
1019
171
601
243
767
3129
2318
509
2594
3917
554
644
3902
3750
3102
3119
3118
1266
4005
1443
3323
1879
567
3966
1698
811
2493
1178
1374
3110
3948
908
41
1125
3308
1218
2880
7
2486
2279
1195
9
3243
3055
3649
1574
3887
302
3623
2406
2276
2494
502
142
3225
3701
2737
149
3452
2263
1316
481
470
3954
63
1686
4021
3959
2981
391
2860
390
708
1782
2734
919
2121
2126
450
2963
1481
2134
29
360
3995
1873
3063
1751
856
3389
2708
345
1115
3184
1860
562
1411
643
622
1925
2034
1876
2561
538
2435
3627
2365
4020
3418
1412
350
3848
1762
3744
2162
2995
2156
1561
422
2871
3866
3151
2302
1236
3869
2327
3660
140
1821
954
372
3199
3544
2159
806
153
3807
732
3740
3122
792
182
2784
919
1868
2219
1841
3449
2502
2328
1425
950
511
2580
1074
1093
1931
3440
1506
1404
907
616
3250
3434
4045
293
2541
1763
385
1054
2495
329
1422
4
2331
2251
538
1419
2127
762
1319
2616
445
1140
2817
2201
3798
3731
1683
248
1867
1196
2731
1301
3655
1746
2171
370
1567
563
1536
2356
126
1478
143
177
1426
2369
2692
2679
3517
1851
3283
494
3847
2640
1118
2637
816
1348
3980
1052
2944
798
1349
562
409
122
1984
355
4034
762
2201
2302
1332
2225
3291
3765
565
2296
1639
1571
3483
3249
4079
490
2454
2547
3659
3720
963
2693
2745
3366
2491
875
3820
294
64
2776
756
1130
2532
1171
1415
1870
968
2902
2069
1725
138
772
4017
1489
2217
2793
2117
3720
186
175
2251
911
1632
3699
4093
3547
1620
3151
623
943
787
1128
2330
782
1675
1555
1826
2536
24
197
2826
1665
2277
565
496
2757
1988
3989
848
4094
978
3991
3611
1229
1400
2058
279
2056
2604
495
3700
155
122
2209
3998
2061
304
2365
2905
1957
1169
621
862
399
1780
1644
3059
2481
1001
3852
2318
2692
3837
2449
1372
1669
2055
2606
2966
3832
87
68
3300
1184
3192
96
2814
1788
4036
1824
3078
1829
1326
239
1399
1340
2611
46
3651
572
644
3455
2420
3097
230
3577
2228
254
380
1447
580
332
3783
1449
2671
382
4017
1096
3525
2340
3531
2155
1705
2912
1690
3544
3074
32
196
591
2914
1998
1831
3460
1321
2938
