AdjacencyGraph
1000
19104
0
17
36
54
76
94
112
134
153
170
185
204
225
241
258
277
301
323
344
362
389
404
421
441
462
486
505
525
544
566
579
597
615
641
656
677
697
713
736
755
772
791
805
824
843
859
876
893
910
927
952
969
988
1001
1013
1037
1054
1070
1094
1110
1128
1147
1165
1188
1210
1227
1242
1259
1280
1298
1319
1344
1361
1387
1410
1428
1448
1469
1486
1501
1525
1546
1563
1586
1604
1624
1638
1657
1671
1688
1708
1729
1742
1761
1778
1798
1825
1841
1856
1869
1886
1906
1929
1949
1970
1986
2002
2024
2047
2071
2088
2100
2117
2135
2151
2181
2198
2219
2238
2262
2278
2294
2307
2322
2346
2367
2386
2406
2422
2441
2462
2480
2497
2522
2540
2555
2573
2591
2605
2626
2649
2674
2692
2715
2732
2750
2770
2790
2808
2825
2845
2867
2884
2906
2924
2943
2963
2983
2996
3011
3028
3047
3066
3084
3102
3119
3136
3153
3175
3188
3211
3229
3250
3267
3283
3297
3314
3330
3350
3372
3393
3415
3435
3450
3475
3494
3518
3534
3559
3574
3596
3617
3638
3657
3675
3697
3718
3738
3755
3768
3782
3801
3821
3837
3854
3875
3898
3916
3938
3962
3976
3998
4019
4039
4057
4073
4096
4114
4137
4154
4173
4189
4212
4226
4252
4277
4291
4309
4323
4344
4368
4383
4405
4423
4444
4463
4483
4505
4532
4552
4573
4589
4609
4633
4657
4669
4688
4714
4733
4750
4764
4784
4803
4820
4837
4854
4873
4896
4917
4938
4955
4969
4988
5005
5025
5044
5058
5075
5096
5116
5134
5155
5173
5190
5211
5232
5248
5269
5289
5306
5320
5343
5362
5386
5401
5418
5439
5456
5473
5494
5510
5530
5561
5578
5603
5626
5643
5662
5687
5704
5722
5743
5759
5780
5795
5809
5827
5844
5861
5885
5909
5925
5945
5963
5980
5999
6023
6038
6056
6074
6092
6108
6127
6148
6168
6187
6204
6226
6242
6258
6278
6297
6314
6337
6361
6374
6392
6415
6435
6451
6471
6487
6508
6530
6547
6562
6578
6594
6612
6633
6652
6673
6692
6714
6735
6757
6778
6794
6812
6831
6846
6861
6880
6902
6918
6940
6967
6987
7007
7029
7055
7071
7085
7106
7121
7136
7153
7171
7189
7213
7232
7253
7274
7291
7310
7329
7350
7361
7378
7399
7415
7437
7450
7463
7478
7496
7510
7528
7545
7561
7578
7600
7618
7637
7658
7686
7701
7719
7739
7758
7778
7794
7818
7832
7852
7872
7894
7912
7934
7953
7967
7990
8008
8026
8046
8061
8079
8101
8117
8135
8156
8176
8196
8214
8233
8249
8264
8286
8300
8319
8342
8362
8382
8398
8418
8436
8452
8466
8486
8508
8524
8548
8571
8584
8605
8630
8645
8665
8684
8704
8729
8747
8766
8782
8803
8817
8836
8852
8870
8888
8912
8927
8947
8967
8986
9012
9029
9048
9069
9084
9098
9117
9135
9157
9173
9198
9213
9230
9247
9266
9286
9302
9321
9343
9362
9381
9403
9423
9437
9455
9485
9503
9525
9542
9564
9576
9597
9616
9637
9655
9677
9697
9719
9739
9759
9777
9796
9816
9833
9854
9870
9892
9909
9928
9949
9969
9986
10006
10022
10042
10063
10076
10092
10117
10135
10151
10170
10187
10208
10227
10242
10261
10279
10300
10315
10339
10354
10375
10399
10415
10436
10457
10484
10507
10527
10543
10563
10581
10600
10619
10637
10657
10674
10687
10707
10725
10743
10769
10787
10804
10822
10839
10857
10878
10901
10924
10946
10967
10992
11009
11028
11047
11064
11087
11104
11119
11145
11164
11184
11201
11219
11240
11260
11278
11300
11321
11341
11367
11392
11415
11438
11453
11472
11485
11510
11531
11550
11568
11583
11607
11624
11641
11657
11671
11691
11708
11725
11742
11757
11777
11794
11813
11833
11853
11874
11891
11905
11922
11937
11960
11976
11993
12017
12034
12058
12071
12085
12102
12123
12139
12157
12173
12196
12214
12233
12258
12285
12301
12315
12333
12350
12371
12389
12410
12430
12447
12465
12480
12501
12519
12537
12557
12580
12605
12625
12646
12664
12684
12700
12722
12743
12763
12781
12800
12820
12839
12862
12877
12896
12918
12939
12959
12978
13000
13021
13040
13054
13068
13088
13110
13125
13142
13159
13179
13204
13221
13237
13259
13280
13300
13314
13333
13350
13368
13387
13408
13424
13442
13458
13482
13500
13517
13537
13560
13579
13596
13613
13627
13646
13660
13677
13700
13720
13740
13763
13776
13798
13818
13838
13859
13873
13899
13917
13938
13955
13975
13993
14015
14027
14050
14065
14087
14106
14131
14149
14174
14194
14214
14231
14251
14270
14292
14312
14329
14349
14368
14387
14410
14427
14447
14467
14483
14505
14525
14543
14556
14578
14599
14622
14641
14659
14677
14694
14719
14743
14766
14782
14807
14832
14854
14873
14886
14902
14920
14936
14956
14971
14992
15007
15026
15041
15063
15085
15102
15122
15147
15174
15192
15209
15236
15249
15274
15296
15317
15339
15357
15375
15392
15408
15427
15445
15465
15480
15505
15520
15533
15546
15564
15583
15600
15620
15642
15666
15681
15704
15730
15749
15768
15788
15815
15843
15857
15871
15889
15911
15929
15946
15972
15989
16005
16026
16045
16063
16082
16100
16119
16132
16151
16172
16191
16213
16229
16245
16272
16291
16307
16329
16348
16363
16383
16400
16420
16441
16458
16479
16498
16518
16539
16560
16579
16597
16613
16635
16658
16678
16694
16713
16735
16760
16778
16790
16811
16827
16849
16866
16889
16903
16917
16934
16951
16968
16991
17006
17024
17047
17070
17091
17114
17134
17160
17182
17198
17217
17238
17254
17272
17293
17318
17337
17360
17377
17394
17414
17436
17455
17472
17492
17507
17531
17554
17576
17601
17620
17640
17658
17681
17700
17724
17746
17766
17787
17804
17825
17846
17867
17890
17909
17930
17948
17964
17984
18006
18023
18045
18063
18074
18095
18112
18127
18144
18161
18180
18198
18210
18226
18249
18269
18287
18306
18324
18339
18357
18378
18396
18413
18433
18453
18471
18488
18506
18529
18546
18568
18586
18607
18628
18645
18661
18675
18698
18716
18738
18758
18780
18806
18826
18840
18863
18879
18897
18919
18935
18949
18965
18981
19000
19019
19041
19057
19083
44
158
297
426
499
505
570
590
743
744
754
790
793
867
882
886
992
15
29
83
141
146
182
270
462
484
519
593
621
645
654
663
676
752
849
927
111
169
191
256
304
469
566
569
586
591
593
645
682
713
793
844
917
975
21
243
282
285
290
332
381
407
433
436
463
566
626
667
730
739
800
833
861
898
931
967
61
142
173
256
261
275
326
336
484
527
538
574
590
769
850
870
923
939
33
39
53
90
154
171
331
385
515
629
684
727
730
748
817
914
949
973
7
23
30
35
176
338
441
473
501
502
562
564
596
664
669
697
699
763
869
950
964
995
6
90
188
203
333
369
381
413
449
492
566
673
689
723
779
788
853
906
990
16
38
63
87
144
195
261
429
547
603
610
747
810
832
875
888
974
145
210
248
286
288
382
399
400
526
542
579
604
805
885
936
89
98
125
155
189
207
209
246
263
365
394
415
458
561
677
711
839
887
922
16
107
211
241
263
292
383
402
410
430
456
472
491
557
568
622
714
730
744
827
839
202
205
245
247
322
408
423
588
657
681
695
782
833
841
897
925
43
271
276
291
337
567
598
641
661
668
697
803
826
854
878
951
971
113
211
214
224
452
493
507
610
642
646
665
726
778
821
822
830
898
902
924
1
62
74
95
304
440
467
479
527
585
645
651
669
722
723
732
749
769
806
856
899
956
965
968
8
11
86
240
247
258
308
333
401
438
614
617
678
733
740
753
771
774
858
898
909
963
49
55
106
156
158
184
274
297
494
539
560
611
635
706
719
721
781
881
893
905
993
23
68
136
150
203
222
269
354
407
505
506
516
520
605
632
772
889
996
78
79
151
153
177
231
267
291
414
461
467
491
566
590
613
645
732
752
815
829
831
849
874
919
923
928
959
34
181
222
259
348
389
395
483
536
540
561
585
596
708
942
3
108
115
131
222
246
308
351
469
497
675
794
808
845
858
973
994
54
105
129
210
243
249
270
293
348
492
551
571
633
655
720
791
828
831
949
955
6
18
78
120
184
204
215
219
521
553
554
585
636
659
729
767
771
817
936
965
988
36
81
106
172
186
206
315
316
342
372
376
448
475
486
489
585
696
719
756
772
821
838
862
993
96
159
264
366
390
393
397
410
450
533
582
640
709
726
785
888
929
976
978
62
103
151
196
209
295
330
418
441
463
565
578
620
625
708
768
873
921
932
944
58
76
183
200
212
235
282
377
405
416
442
453
455
527
593
625
663
781
907
62
95
174
188
296
331
349
352
477
503
519
532
546
651
652
662
725
741
757
801
925
987
1
70
166
215
323
472
557
573
591
607
652
757
859
6
68
87
108
123
124
223
256
259
313
324
345
353
486
557
583
690
929
49
85
113
161
224
284
379
383
425
435
476
567
748
756
783
888
898
926
127
128
145
146
149
275
324
368
406
444
541
552
576
621
654
675
678
687
689
702
713
716
806
824
836
928
5
82
88
154
285
325
469
597
650
671
731
780
794
835
878
20
93
184
216
261
265
346
395
433
491
501
570
650
667
703
711
750
803
884
961
988
6
58
69
70
100
150
259
336
515
564
565
595
611
636
680
682
776
920
940
949
24
49
91
93
109
175
187
193
397
441
461
489
515
567
587
908
62
141
279
294
349
396
463
495
546
574
638
645
679
708
718
828
900
908
910
911
913
952
992
8
54
100
117
168
196
349
367
376
428
473
499
550
629
653
690
802
934
975
5
112
171
203
290
305
341
372
428
637
639
692
724
821
876
897
975
46
138
175
308
339
364
415
429
437
493
534
546
572
670
746
800
821
843
899
174
221
251
292
347
371
673
692
723
746
792
857
858
889
150
165
268
333
458
479
481
523
545
552
606
643
651
675
702
716
791
824
968
13
75
89
95
185
288
293
337
354
360
524
553
754
775
796
801
884
887
989
0
46
71
176
320
357
482
509
559
609
664
675
743
844
869
890
138
294
343
357
471
481
549
598
607
613
656
708
767
804
814
890
943
40
44
51
66
207
261
265
306
521
533
560
564
597
667
799
890
954
64
134
205
308
343
439
475
509
526
535
580
725
757
805
852
862
886
64
85
132
140
146
177
303
431
462
523
537
602
604
619
714
795
864
17
31
36
296
339
355
362
388
413
494
619
636
701
763
777
785
838
841
850
881
899
902
909
946
982
88
103
209
267
276
404
409
549
776
778
826
852
860
882
917
929
954
46
80
108
177
191
201
204
294
355
370
455
504
523
533
548
576
687
757
868
132
149
184
229
342
453
543
585
710
811
894
913
941
5
73
223
264
274
328
465
518
777
902
915
933
22
38
102
133
220
223
252
262
352
430
433
457
505
734
764
786
800
836
847
902
948
957
968
969
17
281
402
406
410
547
608
644
684
698
794
876
887
914
935
946
965
80
290
306
377
382
423
430
477
681
703
770
771
872
882
887
942
79
83
195
239
274
328
354
415
424
506
525
541
550
587
611
621
634
639
665
680
820
836
896
936
27
35
100
123
176
277
312
337
380
384
513
653
757
827
861
898
130
147
193
195
213
424
474
488
544
610
618
631
722
738
906
909
918
974
154
290
372
403
507
652
661
667
668
730
780
787
835
861
863
907
973
989
994
4
278
300
365
399
510
544
546
607
633
662
745
757
769
784
969
977
991
15
26
28
37
134
167
314
374
431
438
467
470
471
574
638
732
789
831
910
917
944
969
984
8
189
196
204
299
321
350
400
420
465
504
548
581
588
602
636
698
718
720
907
941
963
47
48
118
177
206
278
303
398
485
503
510
525
544
562
816
848
954
79
137
162
193
221
224
317
356
762
850
877
901
931
932
948
46
143
206
289
348
367
394
395
411
564
565
571
661
690
750
839
872
82
90
123
155
201
215
307
404
437
462
487
540
591
700
744
839
880
922
935
941
999
18
30
204
219
289
291
335
337
345
531
704
733
751
794
821
858
890
914
35
108
120
123
216
238
331
367
395
411
497
515
683
699
703
778
806
813
825
890
916
29
35
78
123
183
212
218
265
327
352
377
424
466
494
522
567
596
598
655
721
763
805
852
940
966
44
81
104
122
276
309
426
446
515
609
667
683
759
793
801
809
996
99
106
118
137
139
198
232
233
309
347
356
396
438
452
624
649
666
676
731
855
865
883
903
907
908
924
53
149
193
242
269
293
387
397
555
559
608
619
634
660
669
820
836
848
903
933
950
963
980
15
77
174
198
260
342
406
410
421
449
452
508
738
789
877
906
918
931
43
107
158
185
206
211
281
284
348
469
486
497
622
668
703
725
760
851
889
955
27
138
197
237
243
259
295
308
327
360
362
400
431
439
522
530
590
721
805
916
939
74
195
205
233
381
529
582
619
675
762
765
798
813
883
920
972
983
19
23
70
205
218
291
352
386
416
580
705
803
816
840
917
19
57
65
149
177
201
239
262
302
344
345
489
503
599
682
695
811
822
836
864
903
960
981
987
51
56
91
95
132
146
163
255
410
454
457
477
548
558
600
603
702
703
791
839
955
24
71
86
152
170
199
377
427
514
627
756
818
822
887
925
934
965
33
67
97
186
208
213
216
222
295
341
372
385
459
478
528
597
692
730
736
832
880
892
898
1
57
93
178
231
276
279
383
412
438
454
501
607
608
623
718
872
932
116
262
300
365
398
408
412
434
496
503
580
598
682
830
859
872
953
969
972
979
31
48
193
257
318
378
470
541
569
602
619
798
836
865
16
81
104
172
196
249
285
347
369
469
594
597
614
671
680
681
727
761
788
8
30
363
425
469
546
747
777
800
847
897
909
960
998
33
50
108
115
155
187
194
282
284
305
594
694
754
769
770
951
995
10
43
158
169
189
331
361
394
448
520
528
578
614
713
728
755
786
867
917
995
5
7
67
147
162
219
355
373
406
435
452
488
575
662
669
682
698
717
738
773
856
36
80
177
276
298
302
326
450
530
599
730
811
831
101
127
182
235
239
344
463
471
479
508
548
552
663
716
761
820
910
932
938
34
36
83
185
258
290
306
516
517
524
551
622
756
827
860
912
920
129
132
138
203
215
277
307
337
338
514
531
632
639
650
690
691
704
751
940
996
15
28
43
80
128
170
182
185
235
277
288
329
333
344
355
444
477
479
558
588
593
643
679
885
928
960
977
25
245
282
323
329
369
404
417
507
566
582
642
687
789
883
900
82
122
191
221
237
312
315
408
495
511
591
645
750
831
854
10
175
223
251
301
318
337
563
655
691
839
912
959
72
118
193
239
257
465
489
603
844
862
877
891
895
933
945
981
993
35
38
58
150
219
299
360
385
473
477
583
591
677
690
704
843
868
913
959
999
92
130
163
190
229
257
292
294
417
422
512
529
559
599
601
634
658
675
731
802
863
964
970
54
151
167
169
191
206
217
253
276
282
388
405
540
586
607
644
728
755
758
804
26
50
168
181
378
442
451
615
623
628
668
704
725
745
768
834
850
874
885
936
969
71
86
148
170
219
273
309
320
426
473
511
521
668
697
767
812
22
116
134
140
272
282
286
295
440
482
574
679
713
739
828
957
17
24
72
113
144
228
284
396
471
472
477
546
610
618
657
746
753
760
822
841
938
980
11
75
155
159
171
192
251
318
324
456
485
491
524
585
623
675
711
756
778
827
860
895
947
21
30
51
69
88
161
172
423
427
429
450
469
472
520
681
725
782
808
827
935
942
978
988
999
36
118
130
151
185
274
363
428
461
484
604
672
736
772
798
945
956
261
357
408
419
427
431
531
536
556
611
644
669
2
115
126
131
277
284
308
366
514
578
725
742
756
834
853
862
925
39
120
150
207
216
376
380
429
556
650
683
704
710
767
812
822
869
895
14
31
106
297
363
390
415
429
546
554
718
723
821
933
945
954
139
204
220
324
343
360
399
418
443
444
475
489
504
523
530
557
580
588
618
643
687
695
702
713
721
730
806
820
855
928
21
88
111
155
171
176
218
238
276
325
366
707
779
780
794
818
835
84
105
129
131
140
145
179
200
210
212
220
282
345
495
513
535
551
793
828
867
894
38
143
169
183
286
313
314
321
466
558
562
580
607
711
805
819
927
936
986
64
72
99
109
137
163
173
232
236
381
391
481
489
572
591
639
642
720
749
848
900
901
913
952
246
291
305
423
447
514
544
628
681
693
770
860
965
976
989
992
23
69
112
216
227
269
272
348
386
411
452
498
558
641
672
986
169
207
273
543
684
687
711
742
793
811
857
868
982
71
97
245
248
269
318
531
565
584
759
763
804
940
982
996
30
58
67
69
70
152
186
291
353
386
565
568
589
659
665
683
697
703
771
808
823
884
949
999
30
176
238
246
248
327
427
458
495
530
543
553
566
605
609
659
700
749
759
819
990
10
126
185
206
212
240
394
411
435
460
483
591
672
732
744
779
783
882
912
111
125
191
263
287
310
361
394
395
407
413
433
537
563
670
677
743
758
814
961
32
92
205
210
264
349
469
556
579
593
602
626
856
871
913
956
32
95
149
160
170
201
255
268
307
324
359
492
523
660
791
913
926
944
979
22
94
116
140
208
238
244
323
367
434
505
513
526
567
580
630
674
697
951
954
983
59
101
109
205
236
239
381
454
532
603
604
608
619
647
649
662
777
907
21
111
116
150
189
222
272
277
290
301
372
393
452
515
694
710
876
48
52
80
94
160
170
204
270
271
309
324
329
357
368
369
373
422
523
530
559
581
599
686
687
953
54
179
271
311
317
414
482
513
551
571
580
715
733
820
842
885
971
991
47
62
105
237
302
370
463
583
586
598
807
844
852
926
982
186
202
229
304
319
353
465
519
544
561
618
666
680
689
789
906
935
945
18
182
370
441
451
557
595
720
741
807
816
823
837
877
890
952
953
979
65
72
118
232
363
468
489
736
749
776
791
853
963
981
40
45
76
94
141
157
179
206
210
229
286
345
432
441
551
620
679
680
722
772
842
72
114
193
205
242
285
361
383
489
518
525
533
639
670
678
716
772
797
906
912
926
937
964
48
105
116
129
143
145
322
327
353
355
464
482
509
545
558
613
638
674
720
721
894
924
948
952
971
1
37
138
268
422
503
538
637
704
741
769
770
784
812
905
954
968
983
4
255
262
273
330
342
392
396
438
440
455
463
467
572
651
705
714
829
842
863
871
874
940
66
117
140
181
216
230
353
540
542
570
704
705
707
737
857
867
979
8
106
164
196
260
397
492
580
603
660
706
765
774
810
821
853
960
974
9
32
116
140
271
286
313
318
364
496
509
575
674
708
719
720
828
842
879
986
1
32
48
80
170
201
207
241
242
324
368
373
401
429
431
666
768
798
941
956
59
90
193
260
293
468
474
477
508
618
646
647
717
738
788
853
863
906
104
221
230
238
246
307
341
361
473
630
754
780
821
854
861
890
982
32
52
73
79
128
160
178
349
378
451
551
595
602
639
675
746
865
904
925
932
18
35
42
100
112
131
169
180
259
273
353
384
407
446
473
509
516
572
735
751
796
815
19
26
102
109
272
399
404
464
517
519
616
638
645
722
798
823
897
81
123
154
174
194
199
214
246
423
473
478
489
502
520
660
748
771
776
784
817
835
965
19
197
245
336
374
406
431
481
522
532
551
620
752
803
836
916
937
955
5
33
60
152
277
376
517
534
597
644
692
696
723
748
777
780
796
818
875
10
67
88
107
115
159
307
318
339
380
383
394
402
430
483
524
770
852
899
989
17
211
214
292
296
319
415
505
560
595
635
707
712
714
800
852
855
896
994
998
138
168
243
441
482
545
551
555
558
702
831
837
968
0
17
75
89
287
333
383
388
505
707
708
714
870
882
912
25
107
155
192
296
337
402
449
486
520
534
662
684
746
773
898
941
128
132
149
166
170
198
326
441
450
569
587
606
655
803
837
913
931
948
984
31
108
344
362
390
475
494
529
608
628
689
712
827
839
851
858
907
933
938
65
90
233
310
325
365
429
488
490
612
642
673
710
856
875
946
950
969
80
101
118
165
201
229
313
355
476
566
588
669
712
761
841
849
945
962
144
238
240
300
352
522
572
611
701
717
746
749
777
899
915
930
993
42
163
220
268
360
418
439
444
480
514
519
824
849
859
899
939
976
29
160
267
271
353
433
482
485
543
551
583
633
646
713
842
941
968
62
102
181
191
216
217
261
315
451
473
556
576
677
707
769
781
803
826
868
911
956
995
38
103
157
210
557
643
733
815
828
834
890
894
906
2
89
102
117
121
150
197
205
209
315
409
448
536
543
557
573
603
882
917
926
943
947
956
81
95
104
128
132
146
160
252
303
350
352
362
401
412
443
695
696
744
5
39
107
115
261
263
289
499
563
596
609
622
677
725
744
758
774
816
920
949
976
24
86
108
329
404
445
446
458
499
506
671
681
723
753
794
850
905
4
118
250
274
298
355
415
496
638
785
807
825
828
888
977
997
28
41
74
152
186
291
318
351
436
506
723
871
938
950
36
40
98
223
321
322
332
415
505
561
670
822
841
902
905
981
997
6
44
58
115
124
426
506
533
565
596
605
664
683
790
869
996
19
48
51
64
79
91
242
328
518
529
541
575
608
695
722
812
830
836
933
981
83
149
231
243
278
300
320
431
484
503
595
687
718
722
768
769
786
825
846
848
872
991
116
133
138
215
246
298
336
345
439
456
461
491
527
537
600
623
737
805
823
910
954
150
210
215
218
248
256
312
351
358
380
419
448
485
510
586
597
598
644
735
833
868
873
20
103
143
167
183
253
268
282
325
507
579
591
668
680
818
826
848
943
950
995
1
92
95
136
353
428
432
471
550
645
707
708
828
908
962
27
70
117
181
265
321
324
343
360
460
517
524
527
535
652
657
711
740
781
803
804
819
845
859
910
17
23
34
52
263
368
582
602
617
640
670
688
734
744
747
794
806
875
970
43
75
93
95
109
125
192
211
258
259
288
307
337
459
462
472
495
554
707
754
765
778
827
917
24
82
123
135
174
315
458
573
594
597
658
696
751
880
922
957
36
88
225
301
372
376
445
446
478
515
564
641
658
662
668
692
723
750
755
760
780
792
796
920
982
7
28
293
474
488
512
515
603
646
774
788
802
931
938
966
10
63
89
131
206
383
433
460
506
524
628
725
744
758
837
884
889
895
898
912
965
992
101
202
217
229
240
304
377
422
457
462
542
617
657
738
753
761
805
841
934
973
974
2
51
97
102
126
167
350
437
447
527
531
535
563
569
656
750
755
759
776
917
947
107
159
185
280
285
316
365
379
390
429
628
700
714
723
727
843
857
964
969
36
59
65
73
85
99
139
147
302
356
461
592
611
724
785
797
808
903
88
152
217
248
358
372
503
509
511
532
585
591
595
661
663
681
764
771
784
919
942
951
8
57
59
77
241
255
285
292
333
488
599
601
606
627
761
875
910
918
973
988
990
26
38
63
86
144
375
493
589
675
706
719
800
811
824
871
876
891
893
973
998
76
153
169
374
378
396
401
412
519
574
576
593
732
808
838
920
962
72
74
160
298
303
373
677
864
865
877
904
932
987
81
152
213
239
278
347
362
560
621
789
833
900
918
980
27
116
206
254
307
345
353
376
482
550
715
721
828
846
900
902
916
954
996
51
67
79
128
146
163
235
286
324
451
552
554
566
581
588
704
734
823
864
941
12
135
190
228
280
322
421
570
603
631
709
766
802
942
970
974
7
18
39
94
209
263
400
407
499
536
565
566
605
700
819
972
998
23
51
63
68
114
132
316
350
368
379
420
473
537
619
643
663
757
759
851
931
962
12
47
77
78
127
130
139
169
232
317
322
431
461
490
572
649
657
685
745
826
946
981
984
24
64
66
75
102
125
138
189
200
335
524
701
754
855
882
919
982
995
10
46
112
121
146
248
249
269
319
337
407
533
557
609
653
664
744
747
801
812
829
936
82
129
273
279
280
335
440
467
468
499
524
553
729
759
767
777
812
826
829
845
861
867
889
980
10
26
50
169
203
480
485
656
851
934
939
947
985
996
9
22
116
127
138
168
180
212
249
331
346
480
526
613
630
679
819
828
846
867
923
943
11
14
75
156
185
266
325
411
524
546
577
629
658
675
684
691
767
770
901
966
989
27
70
116
125
210
258
295
439
441
463
526
527
585
636
653
720
819
916
952
953
59
82
199
252
299
317
365
374
378
488
512
630
819
832
900
953
978
990
14
152
156
246
293
387
429
450
459
671
684
688
714
799
855
993
23
29
67
94
179
180
225
256
270
313
511
531
562
570
586
591
622
644
661
671
694
793
950
34
69
82
112
120
143
167
282
382
469
484
578
659
661
703
734
763
812
102
167
190
194
225
276
312
409
511
531
540
567
571
590
598
644
750
755
792
848
929
958
986
70
78
115
180
312
326
333
343
562
583
652
692
750
826
852
884
986
23
68
90
100
104
230
312
367
403
473
607
653
667
683
759
793
808
850
996
54
114
116
165
227
299
368
422
449
518
599
606
655
668
802
872
41
65
97
148
236
331
332
356
522
554
582
584
626
639
647
666
672
736
771
777
785
866
953
18
20
21
82
131
241
251
305
361
594
667
694
772
779
30
53
54
98
175
231
434
510
551
629
632
633
637
669
686
741
745
775
784
802
816
819
823
899
904
987
14
31
65
240
281
332
333
390
406
410
413
497
554
624
628
648
670
686
688
765
862
875
893
896
978
187
215
217
276
368
447
511
540
646
669
734
756
807
950
272
326
420
463
472
484
532
576
672
737
740
743
745
871
872
873
923
969
120
220
246
248
251
499
523
550
694
790
806
861
945
992
106
202
229
329
350
381
474
508
529
613
631
654
675
689
699
729
747
753
771
847
871
52
101
135
138
163
190
228
240
292
421
459
462
474
508
589
612
657
665
685
709
730
810
868
905
143
148
219
352
521
650
653
656
659
767
776
791
812
951
996
19
83
178
223
268
300
352
411
500
542
544
556
632
633
637
655
745
763
903
911
977
983
72
118
137
205
339
340
362
442
450
465
620
621
673
730
766
927
962
998
72
77
162
264
329
381
447
463
468
492
529
582
631
649
701
738
817
833
872
945
977
256
307
315
335
367
390
402
490
520
556
563
691
711
778
871
914
966
970
999
27
92
95
201
268
358
415
479
523
552
575
576
582
584
654
684
815
908
918
957
118
130
221
250
371
390
465
518
535
561
611
639
651
669
672
676
678
685
698
777
785
981
76
97
134
273
311
312
323
346
352
387
389
391
399
411
431
435
439
573
776
786
794
836
840
844
852
867
937
69
115
124
129
148
164
311
391
516
518
521
543
555
622
664
683
690
828
869
890
57
79
92
99
130
199
241
340
366
449
484
490
492
522
662
702
706
736
749
813
909
16
125
164
190
224
229
285
404
535
709
724
760
810
875
909
987
11
146
195
222
239
280
290
341
376
436
445
582
597
677
696
780
817
921
937
973
73
139
146
177
250
299
317
356
365
442
489
523
537
619
627
687
706
779
809
903
905
922
938
972
3
22
76
157
178
254
382
405
418
433
438
442
498
551
555
559
683
718
769
776
887
928
971
977
129
367
384
414
509
554
596
605
623
636
763
944
12
96
122
153
293
304
342
362
397
582
614
642
666
708
749
762
833
945
990
10
21
119
124
148
152
179
214
227
250
251
306
426
491
509
552
563
604
679
711
730
778
783
812
882
988
12
16
272
301
413
518
594
622
678
720
765
830
873
897
909
931
970
994
998
9
122
124
180
194
207
227
393
605
690
711
756
780
801
829
890
905
22
86
207
210
297
402
441
543
579
585
774
828
930
968
173
236
242
246
264
275
317
397
449
461
465
492
508
535
718
892
903
937
964
970
41
98
107
222
227
246
263
303
357
445
533
577
645
677
691
729
911
966
981
54
170
213
275
412
477
503
510
538
540
595
714
775
921
926
947
982
102
181
349
362
444
466
509
564
605
640
661
666
772
783
868
949
995
200
243
256
380
386
408
423
485
495
591
653
737
750
758
844
853
884
80
128
142
195
275
294
364
419
574
645
652
674
679
692
742
824
831
915
919
2
4
30
180
215
234
254
341
374
386
464
536
549
569
574
583
586
589
650
731
803
804
917
85
99
101
302
310
328
489
595
626
663
749
760
777
798
820
904
938
946
971
972
978
16
93
185
212
273
288
347
404
453
478
487
499
514
534
563
744
839
878
891
928
943
20
30
35
76
150
185
333
346
369
376
540
570
577
585
595
878
995
74
144
147
292
334
342
508
617
626
710
762
795
853
964
4
8
34
46
110
167
171
390
402
409
485
508
519
680
792
827
837
844
966
54
79
84
142
278
403
522
532
593
637
745
797
871
919
923
971
981
10
11
126
171
184
203
251
276
321
370
383
396
524
606
729
758
817
829
851
922
25
53
127
233
250
302
465
604
611
660
678
685
774
798
871
877
908
913
970
34
46
70
183
416
448
453
504
573
599
705
781
805
957
211
305
319
423
472
554
594
624
629
703
754
775
800
838
887
905
988
19
50
166
300
309
330
411
454
461
470
544
790
867
872
874
893
908
911
919
924
969
42
128
141
165
181
231
235
269
368
430
537
543
552
626
709
712
734
777
864
867
18
73
120
122
207
268
271
521
614
653
683
690
697
743
756
868
940
996
1
22
132
215
303
397
422
474
538
541
587
606
647
686
734
813
865
878
905
932
938
13
132
133
145
166
269
304
396
400
424
510
512
545
674
819
894
902
953
105
120
131
151
226
247
274
397
425
585
592
774
798
883
903
909
937
104
121
142
150
208
237
258
361
473
478
516
563
650
653
664
758
790
795
845
894
901
17
53
57
109
173
272
295
340
438
443
525
559
592
647
678
685
753
798
804
904
991
4
32
250
252
255
282
432
454
481
542
544
795
811
894
899
905
13
50
71
83
91
102
115
217
225
263
289
440
455
536
573
578
596
737
750
804
986
58
94
95
111
131
154
351
366
376
427
446
551
632
651
719
773
897
918
935
976
61
64
178
199
262
287
334
368
454
482
538
542
615
745
850
872
991
37
83
208
300
327
378
424
551
579
597
630
713
943
953
192
202
208
241
341
379
410
427
436
478
552
589
618
671
688
714
746
844
855
896
932
967
973
55
75
224
296
301
347
355
365
372
436
479
603
621
671
675
774
843
876
922
3
27
88
96
102
105
116
181
216
275
337
348
353
412
585
656
690
718
750
771
854
889
950
995
335
487
526
577
692
700
782
783
793
801
829
858
912
920
972
31
75
88
106
111
288
380
469
523
531
657
770
807
857
887
989
999
3
33
86
139
192
195
240
287
386
395
427
507
539
553
623
696
817
835
868
949
998
9
105
117
138
145
201
345
360
399
400
537
589
715
817
846
894
983
126
158
278
285
303
345
482
518
543
553
641
758
759
862
886
920
992
9
43
95
185
258
284
354
390
391
404
493
520
641
674
679
700
737
775
934
988
989
66
68
171
276
307
335
431
458
502
535
585
632
637
644
680
778
3
39
56
60
93
131
241
407
436
478
497
578
693
727
858
880
898
906
908
914
13
19
68
78
119
123
174
305
306
331
354
366
423
425
427
491
499
624
696
744
753
792
796
799
800
803
827
829
837
875
989
11
41
101
156
195
229
260
447
450
480
571
657
731
753
782
843
914
22
43
73
147
188
214
245
342
351
440
468
474
490
492
507
508
523
572
694
788
831
835
907
918
998
37
45
51
101
255
319
369
406
443
508
512
575
587
603
610
617
631
660
698
796
892
958
974
26
76
82
105
212
274
311
323
327
341
382
405
527
558
679
699
814
28
49
156
159
281
331
387
429
516
561
608
628
647
714
740
815
843
933
994
0
17
113
249
298
332
363
379
435
437
476
483
542
546
565
614
629
635
696
774
821
841
847
978
998
91
173
179
198
297
496
572
592
606
618
637
656
790
864
865
904
984
63
100
213
220
242
319
333
417
587
588
601
680
702
820
876
939
963
984
61
84
164
178
231
267
279
370
403
484
503
544
592
670
848
866
874
947
956
957
991
98
131
187
247
281
322
428
492
515
577
669
730
800
814
876
898
79
91
134
193
257
264
303
476
599
651
750
785
795
797
820
865
877
896
904
963
981
48
64
170
198
251
270
287
302
328
429
557
634
820
864
881
2
15
135
190
245
271
332
334
474
488
612
657
918
964
39
88
119
222
266
291
351
376
423
456
458
469
608
684
770
818
860
924
46
56
93
246
291
338
458
463
553
577
711
723
792
801
815
829
878
67
94
128
148
155
185
200
234
289
347
379
393
430
460
466
667
932
16
21
40
47
76
111
325
347
432
452
456
469
515
535
553
594
597
615
629
640
696
748
835
984
71
72
104
132
267
323
326
398
426
451
542
633
655
768
784
816
823
824
837
844
849
931
951
983
126
162
257
326
462
489
708
731
749
762
798
814
833
900
901
913
133
237
238
295
321
389
405
442
448
451
473
550
555
569
614
804
890
919
926
951
58
97
180
217
218
219
237
419
439
479
570
600
601
705
728
767
844
861
30
117
145
163
215
424
441
536
579
600
613
656
697
740
921
941
958
62
117
315
330
397
408
418
444
471
638
645
647
651
663
804
866
899
928
960
24
97
167
169
186
234
314
393
429
456
469
476
483
534
658
681
712
746
767
772
773
812
876
976
24
192
204
391
505
516
525
575
626
649
654
676
777
937
954
65
133
205
213
242
250
461
494
547
595
649
657
666
736
798
908
929
937
85
98
107
122
145
155
174
342
377
387
460
524
617
725
727
744
897
996
135
156
207
266
294
299
322
355
376
452
532
576
628
641
710
761
782
854
44
104
178
378
384
529
650
697
713
786
828
939
950
951
971
983
63
117
175
183
263
311
323
335
344
382
389
391
411
424
569
622
652
704
982
12
140
175
202
205
301
319
475
476
631
738
765
788
802
821
822
847
875
898
929
931
29
96
129
237
295
309
321
361
389
405
414
448
453
515
542
550
568
624
761
793
30
32
107
114
128
132
146
183
201
443
611
663
687
734
742
815
824
960
987
33
115
162
181
211
308
341
354
376
421
469
560
629
687
923
930
984
4
91
160
218
226
309
310
392
470
496
574
742
752
794
848
873
874
885
917
930
932
986
70
76
124
140
279
295
343
390
403
414
442
478
616
840
870
975
53
57
177
257
303
387
422
461
465
614
618
621
735
795
865
981
95
96
132
172
228
233
447
468
474
492
604
635
642
666
789
833
841
927
958
993
26
142
267
314
364
374
451
454
481
484
527
616
624
708
732
738
808
875
956
5
28
69
89
210
221
291
296
441
571
605
744
825
861
920
949
996
3
175
221
224
297
304
365
400
410
417
505
528
537
538
617
648
726
791
832
893
902
906
956
7
16
42
95
158
195
218
224
259
299
347
373
597
618
631
710
712
761
782
797
813
865
879
967
260
278
304
369
439
447
488
627
673
688
717
788
892
68
206
208
234
283
289
321
388
404
474
597
711
744
783
860
882
959
966
4
35
153
179
374
381
404
418
438
453
455
464
472
495
513
574
742
768
848
871
892
919
927
13
43
58
68
94
98
159
185
207
282
354
395
405
540
575
636
644
728
784
865
6
94
306
367
445
543
570
679
733
767
825
875
932
949
979
996
40
49
155
232
341
390
415
420
435
437
450
475
479
488
500
575
841
847
851
981
232
239
274
362
512
560
582
590
666
692
736
797
798
883
913
937
39
82
148
241
256
280
295
325
339
365
459
499
560
667
671
688
723
800
854
868
961
24
52
74
142
245
260
293
318
387
525
587
621
648
689
706
709
791
800
863
900
907
918
45
47
114
183
218
327
351
367
377
388
424
448
549
683
755
982
992
79
92
95
161
321
400
521
548
552
643
663
686
788
866
962
30
68
79
116
138
179
200
286
287
527
628
650
699
733
842
928
34
210
237
259
472
485
591
677
751
841
860
904
917
937
957
985
41
72
86
199
258
281
307
308
333
469
486
499
528
560
596
688
719
727
20
22
66
75
120
282
358
395
457
485
495
511
585
661
668
748
750
776
846
888
965
28
37
38
127
149
253
396
471
529
620
637
638
732
742
861
927
958
990
999
63
170
191
204
228
378
443
444
483
544
584
745
747
799
821
824
825
856
910
925
983
21
174
180
277
293
305
343
376
427
515
609
696
767
773
782
817
818
880
881
28
54
70
78
164
170
230
231
237
433
448
498
501
650
728
783
785
855
868
926
948
985
30
123
135
140
143
150
166
182
200
282
354
384
502
569
650
668
683
767
970
981
983
18
43
57
288
291
325
337
353
443
460
511
528
554
577
658
770
843
852
855
881
882
934
49
51
90
95
140
163
173
281
319
454
468
469
491
765
836
863
892
933
958
974
987
65
72
193
221
242
361
375
525
575
611
666
717
737
751
765
901
44
45
110
132
251
382
405
409
511
569
725
750
751
788
829
852
917
968
180
194
235
348
403
414
439
502
508
622
644
678
680
690
705
735
864
917
943
128
410
461
473
501
658
687
698
715
795
797
824
856
878
960
43
76
100
114
165
183
286
414
442
573
682
715
734
742
819
89
126
139
148
222
273
323
356
439
506
728
790
812
878
883
916
922
948
952
49
76
161
170
199
232
245
253
340
401
449
662
732
749
779
832
848
899
908
946
969
998
87
109
113
137
297
437
459
475
535
581
608
684
723
747
772
937
40
145
255
330
370
419
432
467
471
476
504
593
642
652
708
752
849
873
907
927
944
962
10
61
84
162
192
213
242
281
332
341
375
404
476
505
554
628
671
704
709
742
787
792
877
881
918
959
974
25
111
115
239
277
291
402
413
417
430
469
516
523
534
629
707
773
818
928
989
38
66
69
129
219
234
244
338
343
460
556
571
609
644
650
691
756
839
940
978
32
132
146
184
204
220
225
268
278
419
436
504
550
552
566
581
710
734
764
819
828
984
7
86
96
132
259
294
334
371
447
474
478
493
507
512
519
578
646
660
662
689
713
738
744
787
892
974
51
134
136
263
300
364
392
418
538
544
672
784
859
919
948
957
41
236
369
401
507
541
574
576
606
630
643
695
795
820
24
39
60
82
131
187
194
281
383
427
445
481
524
556
641
746
747
752
779
787
894
90
132
146
198
333
476
606
647
665
675
734
810
820
866
904
62
153
197
213
256
330
336
532
590
616
645
693
713
721
884
196
356
365
393
413
436
572
587
658
692
730
746
814
858
887
889
898
24
38
112
154
187
200
241
259
277
305
319
325
351
478
494
514
597
880
27
56
70
81
190
318
343
399
409
416
501
527
557
807
844
861
867
986
85
103
149
197
213
279
320
350
379
400
405
481
542
600
645
655
674
722
737
806
849
915
951
962
31
192
204
280
297
307
378
413
419
455
507
653
658
660
684
701
726
896
912
58
112
155
180
254
284
408
411
451
489
549
569
591
608
623
700
754
826
840
859
917
3
7
77
118
130
228
233
336
447
492
507
516
522
535
582
604
671
766
789
824
967
9
56
216
243
295
321
357
453
526
573
636
742
831
845
893
971
983
11
31
83
139
155
158
189
263
372
394
472
486
487
524
622
700
738
928
989
58
150
244
320
353
449
516
596
658
659
667
721
726
735
751
764
837
884
940
5
82
100
393
407
459
493
528
534
563
572
648
658
723
730
748
787
800
827
857
876
78
120
123
254
256
285
420
596
605
786
920
73
214
237
296
318
328
342
462
493
543
547
640
693
696
841
935
974
49
102
158
335
343
404
419
430
442
460
535
578
711
725
729
763
818
829
860
959
999
20
237
311
321
323
409
438
451
550
556
591
755
790
955
969
986
25
113
161
192
224
234
236
261
288
327
339
415
493
589
725
756
851
904
925
929
966
981
118
237
238
288
316
321
416
439
442
600
721
757
804
142
326
370
431
454
455
484
510
518
526
532
649
772
25
131
248
307
315
375
385
428
547
578
589
730
788
914
964
10
66
89
125
126
155
383
550
570
691
699
700
711
735
783
827
845
895
20
34
66
69
126
285
337
348
506
565
585
596
605
884
37
72
106
142
197
263
271
349
556
679
703
730
757
762
874
882
928
986
25
36
73
144
245
250
270
272
314
519
545
558
587
603
662
695
820
64
84
309
403
416
428
440
485
498
615
816
836
849
866
969
983
9
61
114
151
237
286
377
414
448
455
466
501
568
620
805
807
916
9
63
76
203
271
286
332
344
378
501
513
545
579
679
682
791
819
873
892
955
979
984
16
146
170
197
362
371
483
522
587
605
693
734
736
762
791
955
963
982
11
55
155
159
234
249
261
366
404
429
596
628
629
719
725
783
914
940
959
60
219
262
300
327
358
398
451
498
510
576
595
624
734
795
837
866
872
940
942
948
50
67
96
151
172
240
258
288
335
336
365
388
402
422
487
532
561
563
681
714
736
754
765
785
799
888
942
954
27
102
243
295
311
323
337
357
378
517
578
637
682
728
852
32
55
74
90
153
224
294
615
642
693
717
820
853
893
900
923
938
993
3
18
126
150
203
207
290
385
418
457
499
533
553
577
598
633
681
758
786
996
12
84
97
110
254
314
380
409
423
466
490
531
536
553
556
598
683
721
882
50
169
217
261
357
377
389
408
448
477
573
657
700
708
825
834
856
895
931
982
11
25
55
74
80
224
280
332
359
462
539
578
589
614
624
684
66
69
120
125
211
231
237
267
321
380
416
464
481
492
562
573
607
725
728
755
757
871
884
992
83
84
170
197
252
282
503
544
623
637
828
871
872
879
7
49
126
224
247
366
375
379
424
459
561
589
628
671
693
719
855
896
967
994
19
133
244
323
327
358
360
399
499
541
613
679
697
713
728
740
846
858
910
936
10
40
57
113
156
173
175
235
339
390
608
671
686
688
719
765
766
857
918
925
935
997
27
78
265
377
391
398
411
439
453
517
550
567
740
804
848
852
886
993
96
101
299
332
366
437
529
534
608
631
648
653
655
670
671
729
765
766
802
813
827
929
26
114
165
243
314
336
370
407
440
447
613
663
698
766
791
824
925
956
968
110
180
255
312
364
368
379
388
485
644
803
807
897
975
63
204
226
339
386
440
454
468
504
528
551
552
623
652
709
716
806
869
925
939
952
960
978
74
202
229
325
449
488
601
637
649
660
685
709
731
795
871
887
906
974
101
132
141
190
220
270
328
404
439
496
576
634
734
820
822
840
873
980
12
56
108
119
152
254
266
291
305
408
456
564
594
682
748
761
796
799
862
891
57
59
70
271
279
313
321
343
413
568
721
815
846
880
986
31
87
272
291
461
493
539
559
726
784
795
851
897
915
935
972
980
998
0
71
104
176
246
309
459
506
653
736
796
801
803
845
882
886
890
898
954
955
983
996
81
108
110
124
277
280
285
291
351
372
497
503
520
610
780
875
38
39
109
182
301
393
398
459
493
547
628
640
727
766
857
908
961
973
8
40
108
112
113
146
162
192
214
296
303
315
402
494
539
629
635
726
843
943
980
11
54
56
155
268
307
366
388
456
563
585
691
707
712
723
728
860
895
907
934
48
62
76
110
146
153
178
205
237
289
392
532
616
620
637
682
697
731
874
923
138
182
275
308
364
481
506
548
605
645
663
738
742
759
809
833
885
960
3
34
54
126
166
189
243
352
508
509
537
555
571
579
674
784
816
823
952
84
129
223
451
498
538
656
663
733
741
764
786
824
868
900
983
31
90
125
237
297
339
474
511
546
580
761
780
847
887
920
3
174
241
280
281
290
368
375
490
497
692
719
723
766
787
814
817
826
852
855
876
939
40
67
191
297
339
363
417
539
541
594
823
851
860
888
16
62
72
83
142
243
274
336
389
454
503
542
652
672
720
915
924
930
974
47
76
165
179
212
237
312
334
358
361
391
416
422
463
466
517
557
562
715
728
757
826
950
15
105
142
208
276
293
398
418
420
501
613
651
655
663
665
722
752
856
871
915
6
26
36
136
138
157
160
212
249
313
331
555
633
764
784
866
879
894
965
966
27
103
232
242
243
311
327
360
388
391
805
840
842
846
917
951
114
170
274
294
324
350
354
457
474
501
571
588
593
651
654
795
907
924
925
927
32
95
114
165
253
314
350
471
580
593
600
737
745
795
824
941
956
960
172
187
241
251
338
372
486
515
547
641
696
727
814
835
891
998
71
150
172
187
277
598
723
727
728
751
778
857
864
881
119
191
225
233
292
329
334
369
381
418
459
528
693
697
706
709
750
774
892
907
24
89
169
180
265
311
323
343
352
399
409
482
511
521
577
609
705
721
758
805
852
921
7
74
159
220
239
250
362
384
421
457
642
689
704
863
928
976
25
91
108
160
214
232
292
339
476
509
571
584
640
753
754
765
772
802
830
847
902
908
958
997
103
136
149
167
201
309
311
330
380
389
403
434
458
551
591
728
733
784
786
804
823
951
960
14
72
74
90
120
131
308
319
472
476
603
608
730
27
52
258
265
323
336
382
416
501
526
549
557
568
727
834
852
867
913
916
926
948
80
83
130
267
275
278
330
355
392
420
438
467
481
510
542
569
615
698
745
768
825
911
923
946
983
27
51
142
276
336
379
392
399
484
510
623
702
899
924
957
11
107
179
305
308
315
423
430
487
509
533
554
675
712
772
838
889
934
944
999
54
80
190
348
407
443
449
544
566
695
698
763
768
827
833
871
895
910
984
10
42
124
172
186
289
305
306
451
559
560
565
624
681
694
772
799
808
862
887
82
185
214
229
341
363
385
413
426
428
447
494
512
547
560
699
705
730
746
766
767
837
843
958
967
125
183
189
307
318
354
367
388
463
524
650
744
829
860
929
936
959
993
19
36
109
179
193
205
250
267
317
328
359
425
525
621
639
785
865
877
901
1
48
67
185
190
229
310
387
410
601
614
622
641
760
912
984
3
26
37
92
134
142
212
226
233
306
439
460
543
590
620
625
648
752
919
921
933
140
151
256
336
411
615
632
733
745
769
777
790
834
936
53
63
99
135
232
236
250
264
328
686
767
798
809
810
814
937
969
971
978
70
117
253
307
399
408
439
527
568
573
584
682
819
825
842
953
15
19
62
142
208
364
454
471
593
616
662
721
777
831
843
856
883
944
137
147
208
233
293
329
355
420
488
508
689
753
788
835
892
918
957
958
2
21
33
75
86
87
108
127
216
284
305
308
315
325
347
355
366
472
483
558
599
775
942
965
62
85
267
326
541
590
632
708
768
779
867
915
935
956
960
45
62
92
106
182
314
349
364
444
467
480
486
504
581
584
593
742
759
800
904
11
29
106
108
185
226
266
336
346
383
452
469
478
502
528
557
564
628
772
989
6
38
100
104
148
150
152
167
204
219
273
311
359
501
553
696
716
869
888
59
147
188
228
229
270
293
304
329
335
369
435
443
477
488
648
710
717
727
731
756
792
802
821
853
906
24
47
114
161
322
339
363
535
603
646
670
774
841
897
902
971
997
31
163
297
302
315
322
364
365
373
450
452
520
577
597
726
753
783
897
936
28
56
80
95
100
106
147
252
409
474
487
531
612
627
631
818
832
906
920
926
999
82
152
187
258
273
280
290
327
369
376
472
692
796
880
898
15
42
92
95
235
281
312
339
548
651
756
892
925
941
165
209
210
292
471
522
555
571
665
672
713
726
764
768
795
832
874
890
954
42
45
118
153
275
330
372
378
411
432
454
532
620
732
742
752
812
972
44
105
133
140
157
166
200
278
287
448
545
579
633
644
674
703
710
859
899
960
983
986
20
125
155
297
315
350
401
469
691
712
725
744
754
917
966
988
1
4
109
178
216
226
239
300
330
392
455
574
576
633
637
697
736
825
866
871
872
873
882
905
921
64
107
166
180
209
254
261
346
348
398
419
680
737
826
866
24
30
75
159
347
383
445
471
662
692
730
800
810
878
882
918
932
67
258
283
383
404
456
477
516
524
729
760
783
882
969
970
980
997
59
90
162
188
195
213
304
334
339
421
468
474
565
616
746
789
805
906
964
24
36
79
99
114
118
137
139
152
242
257
310
380
678
810
866
877
932
978
980
162
205
234
239
293
408
436
507
604
642
665
676
687
863
946
972
11
19
34
107
179
246
291
355
563
585
597
640
659
667
729
778
889
895
920
7
22
128
144
233
239
250
293
301
329
381
411
504
575
626
717
749
886
905
913
967
990
14
40
196
288
369
385
387
390
425
428
500
528
560
592
603
855
891
896
902
17
49
70
161
317
376
429
459
505
531
560
597
688
711
777
851
961
966
978
37
97
116
124
185
254
336
348
502
550
555
564
583
704
720
754
763
884
897
947
950
954
84
145
173
298
326
422
498
546
586
602
606
650
653
702
820
864
865
897
900
998
21
69
75
224
290
427
436
547
565
743
808
835
880
951
120
243
352
398
403
434
496
551
674
697
733
784
816
820
846
948
949
953
0
38
171
172
203
208
227
258
291
341
347
407
414
577
580
659
758
779
781
812
818
833
839
861
869
894
920
959
995
996
231
339
493
508
546
603
610
705
726
774
832
836
892
906
931
939
973
974
6
34
83
352
359
377
399
400
440
443
453
473
551
559
627
734
767
789
839
846
867
936
6
152
289
353
358
472
495
531
592
596
644
706
771
773
884
949
955
28
64
79
84
141
178
194
252
300
412
427
438
532
542
633
665
837
864
911
919
936
957
51
63
114
265
364
368
420
471
492
552
708
997
0
18
54
129
156
158
175
316
332
365
494
608
631
686
726
772
773
814
883
961
978
18
57
172
174
176
189
361
395
426
432
759
790
798
827
829
832
890
920
966
14
60
96
181
285
293
369
371
379
381
490
639
662
687
738
769
905
913
918
946
981
74
92
147
228
229
250
260
261
293
294
358
433
468
500
697
731
802
865
44
47
140
145
150
194
244
246
253
433
450
456
540
623
661
681
690
770
836
884
940
996
61
64
180
223
252
271
392
403
454
455
532
542
556
574
615
736
816
817
834
850
97
104
194
215
217
225
348
354
357
435
448
531
586
680
712
735
778
792
844
871
923
955
101
188
213
271
294
340
369
459
524
529
603
627
648
670
726
738
789
832
853
939
58
116
129
133
336
400
514
549
575
587
651
669
682
697
720
792
815
879
936
972
81
94
111
119
165
258
376
513
594
718
751
772
794
803
858
942
945
976
5
35
36
69
71
131
187
188
301
308
323
351
445
520
547
594
678
748
796
18
93
150
238
273
296
316
366
381
384
487
553
565
767
793
861
868
940
958
996
93
151
154
183
405
416
439
549
568
711
721
735
740
921
926
941
986
53
139
177
220
236
238
247
287
392
525
639
685
777
836
848
877
891
903
904
987
994
1
28
135
151
165
197
261
369
397
643
645
752
806
899
928
983
18
89
108
152
159
234
288
427
476
515
577
594
597
641
683
748
775
805
818
886
887
985
23
46
104
230
238
269
344
448
609
624
682
748
800
801
835
861
869
70
76
153
164
221
239
262
381
401
480
676
685
726
798
852
897
907
913
945
42
48
51
114
128
132
227
235
242
284
293
366
548
552
576
581
698
740
800
876
924
43
93
107
155
183
189
206
208
211
263
318
372
383
460
487
512
556
648
659
754
57
64
139
274
316
342
356
461
518
685
749
809
829
958
961
972
989
9
47
129
210
212
283
382
392
453
527
643
674
705
708
728
813
828
919
936
944
4
15
27
179
183
191
212
295
330
345
377
466
526
735
916
991
82
89
332
347
354
385
420
447
472
493
686
779
780
824
853
858
880
920
967
973
77
101
161
177
228
233
320
349
417
512
546
610
731
753
789
802
822
906
909
961
974
76
91
114
124
132
552
706
791
821
934
954
966
987
68
94
110
122
191
215
217
284
408
477
494
502
511
585
803
999
28
130
153
194
226
262
319
374
392
404
431
481
503
510
585
623
721
810
820
848
872
887
919
954
971
25
46
51
139
176
207
251
407
456
622
699
708
743
779
812
896
933
959
40
154
159
258
315
366
385
417
594
681
692
775
808
898
934
942
47
116
183
191
236
240
250
289
308
363
381
388
475
573
719
757
804
947
975
20
110
169
203
256
276
313
408
556
567
583
678
807
843
854
936
977
48
126
179
204
242
268
286
332
433
539
545
581
613
627
645
795
864
898
952
984
987
4
141
252
270
278
332
370
434
797
816
872
879
884
908
917
927
972
979
983
17
285
410
425
429
437
537
617
675
693
760
851
888
902
954
20
67
102
143
217
225
252
259
337
509
549
661
680
735
737
790
927
950
969
32
57
85
177
270
371
414
437
470
595
599
616
673
702
903
904
972
984
9
143
190
231
275
278
297
309
323
378
438
454
503
510
544
592
595
635
672
852
871
52
121
124
166
169
238
249
268
287
338
387
463
710
743
768
59
61
64
119
135
231
267
275
300
350
370
412
457
542
628
740
769
795
834
872
958
969
981
992
42
140
157
271
397
400
482
537
571
630
674
682
894
899
935
28
37
40
61
87
106
113
211
297
435
496
500
529
631
640
666
674
765
778
810
830
8
55
317
387
393
428
445
459
497
515
560
724
741
748
777
779
817
858
876
880
890
961
973
998
51
63
80
92
344
432
479
523
654
716
762
806
833
846
849
910
45
50
256
343
380
453
513
517
540
573
591
598
740
781
792
795
852
859
871
969
975
38
57
182
200
227
311
323
368
389
394
416
495
568
615
769
781
867
895
922
955
974
22
93
116
133
138
149
153
157
166
223
243
277
279
420
451
498
501
571
607
630
632
697
720
776
781
823
948
32
42
92
201
235
246
268
280
344
368
420
504
523
530
572
593
666
716
774
824
848
866
930
23
43
124
208
285
287
306
308
407
408
473
516
624
629
667
743
787
868
869
877
23
113
185
201
221
224
244
266
354
365
456
743
756
782
972
999
73
157
238
243
311
433
441
480
495
579
584
715
786
837
859
885
951
955
975
983
110
112
127
167
231
234
367
372
389
396
408
510
524
536
562
591
840
947
11
29
30
114
136
168
169
207
303
377
439
453
472
569
621
725
752
836
840
80
95
117
120
140
157
295
397
469
559
616
669
702
731
784
861
955
963
971
44
73
101
132
243
274
425
458
501
558
581
588
593
654
716
772
915
976
17
46
156
199
325
340
341
347
458
459
493
494
547
636
676
701
761
896
912
998
10
20
135
175
236
296
404
413
614
635
670
688
726
744
749
836
901
6
64
117
215
218
411
439
556
591
619
854
938
985
98
126
171
191
234
246
258
273
385
404
430
491
577
600
640
664
744
778
808
827
6
35
46
66
187
253
423
472
495
570
636
644
661
668
735
763
833
950
26
35
66
122
123
176
203
297
395
458
488
497
516
623
659
770
790
830
2
3
7
19
96
124
163
201
203
368
457
587
613
616
665
687
702
732
799
820
824
873
927
942
961
964
13
31
36
70
129
217
416
536
633
644
712
751
826
832
846
882
884
920
11
123
323
399
424
453
466
517
550
577
705
776
798
812
840
982
985
2
85
160
191
256
311
321
353
357
380
454
557
573
574
578
598
781
804
0
34
143
202
215
259
312
338
394
564
585
728
750
751
826
860
943
22
66
133
217
292
331
367
433
443
450
480
545
551
633
644
828
837
965
40
118
142
150
164
205
293
298
375
385
552
589
592
662
673
693
789
863
883
900
908
29
169
186
237
265
276
360
382
409
411
466
535
549
569
607
740
804
853
916
950
975
985
995
4
37
62
105
197
255
256
326
336
371
484
510
569
623
666
732
735
776
842
911
919
949
972
90
145
177
235
294
316
337
339
356
492
513
647
653
666
797
798
836
877
898
900
906
991
32
51
167
197
226
235
319
371
403
422
484
523
606
684
695
715
739
782
824
888
903
211
251
259
283
301
306
354
407
448
476
499
520
563
568
578
629
691
696
711
776
790
808
829
886
922
26
89
111
216
276
290
369
388
393
405
410
569
577
677
847
878
895
9
127
181
249
279
313
400
433
482
555
597
625
720
741
842
879
921
951
983
47
78
84
114
117
129
133
144
435
444
499
784
816
823
859
894
926
975
983
63
132
201
363
368
471
523
537
559
587
618
709
734
841
846
911
972
25
77
96
184
221
233
235
241
245
340
381
626
664
676
678
720
736
839
870
925
930
945
963
30
100
134
166
218
256
495
536
586
591
644
661
751
803
826
871
943
122
221
235
350
450
466
471
555
613
643
716
749
811
880
986
15
20
23
24
52
107
194
212
249
259
272
282
289
348
395
430
491
531
532
570
640
661
680
854
879
880
2
102
134
180
215
256
496
511
583
598
603
717
735
776
840
854
855
886
940
36
57
160
270
294
299
342
375
397
401
513
566
581
663
665
873
901
903
970
977
12
63
95
114
163
201
299
443
559
604
674
702
731
910
929
962
979
123
196
229
256
280
286
390
393
410
413
572
628
649
787
881
896
912
961
0
4
19
76
217
340
374
463
470
625
708
742
768
833
844
870
901
904
921
947
953
2
29
67
97
100
118
125
181
194
215
254
346
380
389
451
549
556
562
583
784
193
272
274
298
300
493
502
542
572
601
606
625
645
662
672
778
918
932
1
2
27
95
127
197
262
364
443
444
467
471
552
559
722
742
782
809
823
832
866
927
86
88
186
222
247
266
308
423
437
514
515
520
534
597
612
756
773
787
869
976
988
35
136
149
156
178
194
252
257
259
317
403
541
542
601
624
655
665
816
884
983
6
20
70
171
176
244
276
347
384
386
395
402
502
605
614
644
668
680
683
704
706
750
823
826
828
854
33
46
82
86
154
180
186
241
279
308
333
335
376
476
491
494
520
579
594
740
748
802
861
898
911
13
45
70
84
134
180
217
407
408
446
549
569
586
807
825
842
844
846
871
873
934
970
991
79
91
101
132
195
220
265
302
469
541
606
695
720
734
751
791
798
833
874
877
911
920
963
80
179
312
313
378
391
444
563
616
645
720
732
736
792
856
101
195
299
312
421
462
592
595
631
638
643
716
765
796
810
830
832
853
931
48
63
85
127
149
184
496
694
864
932
937
963
986
8
80
99
130
144
169
188
202
281
294
397
452
475
493
500
512
586
675
710
724
842
855
909
933
966
9
48
109
130
246
264
329
381
490
588
626
642
662
676
706
798
821
856
860
873
883
18
124
176
203
244
248
253
331
386
395
401
432
596
662
668
683
772
801
816
42
160
195
220
263
270
298
371
373
496
576
592
599
797
847
877
919
924
29
45
61
83
102
117
219
411
551
573
755
825
927
940
949
55
73
83
130
161
177
296
305
363
380
415
417
452
505
624
670
693
708
712
766
961
988
993
994
44
71
124
171
207
351
367
448
521
667
676
677
700
754
759
880
992
8
14
59
106
294
427
500
529
657
722
753
778
813
824
847
889
931
17
35
57
110
164
193
236
264
324
356
639
646
797
877
938
978
162
229
304
477
594
617
621
660
684
788
791
825
841
906
19
45
140
210
228
313
414
418
440
537
566
584
651
663
741
752
832
856
890
899
16
86
89
245
269
297
311
328
410
462
561
596
797
881
978
980
998
103
278
308
398
406
454
464
510
550
673
718
768
834
848
870
898
950
151
327
330
374
431
467
488
541
558
566
600
643
732
742
766
786
856
16
184
190
260
294
318
332
539
612
640
810
841
875
893
929
59
106
114
135
147
280
298
328
333
581
627
631
646
709
747
761
896
946
954
993
48
49
73
77
85
130
204
242
562
628
640
720
864
875
877
897
958
26
138
153
232
349
399
431
463
481
623
625
638
645
732
836
911
915
919
928
1
32
57
199
232
281
328
342
461
557
612
648
657
706
788
792
832
880
918
990
11
75
93
171
215
238
247
321
358
383
462
533
693
783
872
907
917
965
976
992
83
103
107
179
244
285
380
412
420
455
509
532
565
574
620
700
764
769
780
824
921
72
224
266
291
323
330
403
410
458
521
553
595
608
628
688
701
800
26
27
463
579
590
592
620
648
824
850
852
874
919
923
3
127
221
257
260
268
316
492
582
604
673
749
826
847
857
901
930
81
195
242
334
477
501
512
537
618
660
709
726
782
809
853
103
119
161
189
192
224
296
319
345
365
402
413
428
472
544
589
619
624
693
767
875
891
934
5
38
211
223
266
297
308
325
366
402
429
553
577
770
934
989
129
148
210
213
279
371
545
551
640
641
674
713
812
894
896
917
969
59
202
228
233
294
322
333
417
477
505
546
601
618
660
675
724
731
738
774
893
897
901
931
970
18
94
223
231
277
289
464
470
551
651
715
741
769
823
824
968
996
22
61
166
223
231
309
407
441
482
484
503
567
571
641
692
751
764
911
924
948
951
952
953
979
57
73
101
303
422
652
702
763
903
907
908
931
938
17
156
297
329
429
542
561
642
821
881
893
933
935
995
23
35
49
63
212
244
337
382
560
564
661
682
704
763
770
842
884
39
141
223
231
262
289
298
349
405
412
421
431
484
672
712
769
795
834
846
919
991
37
62
140
151
173
314
349
601
620
649
652
693
768
776
899
956
39
57
94
118
139
149
221
236
461
507
518
611
678
798
811
836
883
900
25
184
253
308
387
428
450
491
546
563
585
617
619
630
760
821
13
120
187
287
288
319
372
445
462
520
630
633
643
652
780
794
836
847
853
858
887
909
976
14
96
118
162
245
329
364
406
449
490
604
635
666
689
693
863
891
898
42
95
114
168
204
344
371
519
526
584
601
616
641
669
698
738
813
856
962
55
102
110
154
180
215
217
289
337
358
367
419
482
502
564
567
571
583
596
661
763
815
870
911
995
1
2
15
19
37
97
151
182
251
255
314
374
378
432
519
537
592
600
620
678
697
722
803
837
869
930
960
14
147
166
188
225
369
475
611
618
662
690
722
739
788
796
896
130
147
221
270
274
296
314
373
575
666
685
762
797
894
224
332
342
385
417
463
474
512
524
621
625
661
846
869
888
913
914
959
72
130
205
233
316
317
392
421
589
638
678
715
749
762
782
833
923
33
34
94
112
230
256
273
320
345
352
353
367
460
496
664
699
703
745
867
890
996
15
28
42
142
236
277
302
314
440
443
479
513
613
632
653
654
673
962
28
29
60
183
218
255
321
364
420
438
634
638
641
732
733
740
820
856
864
899
978
38
58
207
212
219
230
254
269
273
379
417
426
496
575
651
677
725
743
829
889
1
32
228
235
316
443
548
559
651
673
781
794
856
909
927
979
980
22
70
98
160
220
231
309
378
417
440
595
764
786
850
885
943
957
977
45
191
209
230
282
298
313
434
682
690
792
854
862
975
985
12
106
183
190
205
229
284
292
304
317
409
610
621
670
701
725
892
906
918
964
974
101
186
187
211
315
354
359
375
379
384
385
678
787
791
808
835
880
998
23
123
124
216
230
384
491
499
524
565
690
703
704
767
890
895
954
998
73
128
144
152
264
294
369
379
421
612
627
631
695
777
782
810
906
929
964
974
13
60
66
194
215
216
253
348
509
540
564
583
585
636
644
648
703
793
834
838
842
868
919
28
61
90
130
159
187
239
362
369
397
467
486
507
572
592
604
605
646
673
689
742
833
863
907
963
1
27
92
194
204
257
314
324
344
418
432
434
440
587
613
694
849
927
928
938
6
44
176
207
238
273
563
582
650
683
699
712
717
740
742
766
829
840
867
886
989
14
57
123
229
373
440
480
490
503
566
587
595
709
791
806
915
984
987
72
135
146
221
245
253
317
329
340
356
546
552
574
575
642
647
685
765
946
961
3
34
46
60
71
219
222
307
341
384
491
553
609
679
812
886
13
60
75
103
104
181
187
220
348
353
564
596
605
690
699
755
771
884
905
924
988
997
6
15
73
90
110
163
223
225
236
301
513
558
643
764
803
885
892
895
925
971
977
40
126
139
175
184
224
300
417
475
512
561
608
657
686
688
707
739
766
843
902
33
86
172
214
215
280
281
341
365
381
413
415
417
794
797
933
941
993
109
120
125
221
226
236
370
438
480
542
592
637
775
834
850
911
924
937
996
7
41
162
232
334
541
572
615
626
651
654
662
691
706
794
798
862
864
892
945
129
140
145
255
271
288
378
433
482
498
526
545
546
588
630
679
720
807
969
21
32
42
44
77
101
107
149
196
211
228
281
373
456
539
603
631
760
822
866
909
913
980
1
72
236
316
490
522
560
582
604
609
678
769
812
860
883
10
100
126
167
171
198
241
251
346
578
609
653
732
793
858
862
878
920
955
16
32
139
236
247
264
274
358
489
515
536
582
639
645
649
658
676
749
798
833
901
959
37
95
105
138
210
246
255
288
295
338
396
400
414
667
674
741
801
823
842
926
997
35
57
86
135
138
181
261
289
299
358
485
511
540
585
596
694
728
775
884
949
12
56
86
108
119
172
194
315
404
407
458
509
534
684
707
754
771
869
941
2
35
79
84
90
360
400
405
423
431
466
513
521
545
636
656
693
704
715
757
846
922
69
71
112
123
176
219
238
243
269
343
353
408
520
596
605
664
692
724
746
812
936
5
55
121
159
211
214
235
305
363
379
410
576
612
681
688
828
935
994
998
205
229
236
264
274
421
518
522
525
647
666
876
877
928
132
223
224
270
344
415
465
505
528
670
843
893
942
958
32
51
96
114
121
132
178
242
324
325
359
490
507
566
706
786
939
941
962
980
184
214
224
280
334
341
347
415
494
561
624
670
684
719
727
778
800
855
876
881
891
961
7
32
135
161
228
342
369
449
468
642
662
695
709
849
855
30
38
66
94
100
238
248
269
282
358
509
646
656
659
668
703
704
94
98
211
234
251
367
394
430
483
577
673
746
836
878
889
949
989
39
41
82
154
187
218
255
283
340
375
436
478
486
534
633
683
876
898
913
986
119
290
374
387
401
406
413
447
539
572
608
622
628
638
642
682
717
738
762
851
899
900
946
964
972
88
131
215
222
227
293
458
602
663
680
738
786
838
847
860
887
989
12
79
114
170
177
371
397
457
576
599
660
689
791
820
939
963
24
154
170
186
241
285
291
297
308
351
387
445
473
577
779
782
817
818
838
862
872
880
6
13
104
123
129
269
313
320
414
431
447
484
498
508
513
551
645
773
786
842
916
55
63
90
236
294
359
418
454
457
523
643
702
738
742
806
824
849
925
962
968
6
69
228
295
345
394
459
533
650
664
668
890
940
941
67
124
192
203
283
288
380
383
394
409
609
623
731
773
778
801
931
936
974
49
164
206
233
379
560
624
657
726
739
766
843
876
896
943
961
999
32
42
80
114
157
239
299
455
496
541
558
566
588
634
698
791
898
984
34
56
69
75
80
123
216
266
396
482
650
659
661
690
741
787
809
884
940
68
94
100
103
112
141
143
201
321
365
449
495
596
636
659
682
690
799
884
954
976
78
142
143
265
312
358
448
459
500
526
568
755
794
899
901
982
17
144
196
239
242
342
447
502
530
596
604
621
673
687
723
762
810
865
115
143
156
158
167
182
185
366
430
670
681
714
873
876
926
982
20
26
37
45
145
158
182
245
310
330
364
409
470
504
526
533
590
608
722
731
742
864
921
923
25
202
229
240
268
342
365
420
421
447
581
618
627
665
689
724
918
931
52
112
131
162
260
319
333
368
474
482
543
603
761
777
813
863
906
10
34
107
117
121
183
234
246
248
306
335
388
394
494
517
577
783
790
819
966
156
161
163
268
315
333
430
456
483
511
567
608
637
664
773
777
782
796
799
818
849
860
980
2
32
89
105
114
166
279
320
369
374
414
480
630
779
828
837
859
863
982
11
48
142
156
158
192
214
252
280
296
404
707
723
727
741
990
998
133
200
286
359
360
439
555
576
632
649
682
786
807
842
894
916
968
32
42
92
139
420
473
548
552
559
584
601
849
910
939
90
147
164
334
356
406
474
492
586
664
693
762
788
863
880
938
939
946
958
37
63
83
113
178
243
250
282
514
615
764
872
955
971
17
24
145
196
277
347
402
413
415
436
535
688
727
766
800
855
973
22
63
118
136
140
145
212
247
438
495
513
551
579
582
599
600
619
674
742
803
894
948
979
17
70
76
114
140
200
374
384
391
408
424
448
467
517
532
728
767
781
786
840
15
59
138
151
177
178
378
440
593
610
645
646
708
752
849
873
891
915
927
956
7
15
41
113
154
172
174
187
192
306
341
363
385
430
436
446
706
714
746
748
787
858
860
39
193
240
547
603
631
683
709
774
778
806
853
970
28
47
75
103
108
111
171
189
318
357
388
390
402
411
483
557
653
657
736
750
917
989
14
25
332
379
384
425
429
476
480
500
505
512
522
561
627
701
839
843
883
902
5
86
192
290
318
347
428
445
446
453
474
688
714
719
731
746
762
857
967
994
89
102
312
337
352
361
405
411
414
430
439
446
451
526
570
680
721
740
840
924
986
23
208
228
251
263
388
417
487
491
807
845
855
895
969
3
5
11
60
82
91
114
229
232
246
301
375
385
393
396
452
459
486
748
766
817
857
868
880
883
967
33
72
101
256
292
310
421
431
474
508
529
558
588
631
700
708
727
988
15
19
62
125
197
330
349
362
481
566
574
600
616
620
652
677
789
803
928
956
960
16
68
133
168
338
345
434
451
464
498
652
805
823
828
951
979
997
54
184
201
216
225
268
270
324
360
368
373
401
403
422
501
581
599
911
969
994
150
180
328
358
384
394
511
517
527
540
564
574
586
738
818
852
983
995
82
109
137
221
239
317
340
401
404
426
484
510
582
600
725
798
833
878
897
907
913
934
143
179
226
254
276
288
356
378
444
485
540
967
59
74
90
147
190
233
322
330
369
383
432
507
512
631
643
693
694
698
735
906
907
908
990
3
105
576
646
670
701
785
829
843
863
881
961
978
992
997
16
183
226
296
313
414
416
517
523
544
549
573
597
652
664
728
757
781
786
804
926
986
28
136
141
223
434
547
579
613
632
679
703
714
752
784
845
850
869
948
955
111
121
255
324
326
336
349
360
365
382
432
471
481
590
593
616
662
664
698
708
720
831
849
956
986
0
44
126
226
269
497
533
543
553
554
653
758
801
812
861
889
905
992
0
11
67
125
170
171
184
189
207
258
291
318
331
335
369
460
483
561
563
827
862
882
912
922
992
61
103
205
223
226
231
262
278
350
444
454
464
650
834
866
911
915
924
967
971
40
41
106
149
159
164
280
315
372
375
459
488
683
691
723
727
895
896
973
984
8
87
184
207
228
350
363
372
618
810
811
821
841
889
934
970
980
5
31
152
154
308
348
385
423
515
520
521
547
597
723
730
754
835
858
914
933
15
118
124
137
164
239
245
257
310
362
492
525
561
584
626
649
678
798
945
34
66
97
187
191
217
218
254
276
282
302
348
357
447
570
596
725
802
838
943
975
995
68
94
150
186
346
356
357
384
446
514
567
570
583
599
633
795
882
884
950
979
1
19
153
326
364
372
440
463
481
519
557
613
722
741
849
910
915
16
106
172
190
228
274
291
292
450
468
476
529
610
754
761
770
774
782
802
980
0
43
88
148
185
206
266
380
404
450
483
495
524
609
681
748
753
773
965
89
102
187
191
217
343
389
411
607
668
705
776
781
804
852
917
926
957
975
24
31
81
93
107
111
225
248
269
367
390
474
479
554
594
763
801
860
862
875
893
908
942
28
29
47
51
58
61
204
391
396
411
439
535
682
740
815
926
945
102
126
171
189
254
263
273
287
407
448
499
743
783
829
838
869
873
889
945
986
71
122
124
191
204
208
219
287
432
471
506
609
762
767
787
791
810
829
868
935
75
106
187
240
257
462
487
539
640
675
773
774
812
821
822
847
86
92
163
190
195
319
323
333
423
435
560
618
710
753
765
795
847
896
900
904
909
970
65
77
245
260
310
396
401
548
647
649
693
706
717
727
759
765
812
847
908
946
6
49
70
122
216
231
244
388
457
495
564
634
636
644
756
790
807
854
54
194
368
384
434
441
480
623
633
655
669
718
927
77
144
185
224
247
322
355
356
404
415
417
450
546
601
666
761
762
785
875
898
931
970
202
232
381
415
417
418
428
436
459
608
616
664
670
701
719
730
800
830
851
856
993
23
45
104
112
208
211
230
312
315
338
351
353
459
465
501
516
628
659
721
759
895
922
940
26
103
146
178
309
336
454
457
470
480
543
590
615
638
803
848
873
966
969
4
15
61
88
141
167
178
243
464
507
544
550
623
632
637
676
911
941
56
88
119
141
155
211
284
305
354
509
565
629
636
753
801
823
933
965
16
23
56
123
152
194
221
228
282
502
668
681
773
816
827
940
957
18
24
109
138
139
222
253
315
363
392
450
456
458
472
505
514
559
605
808
818
857
934
950
973
988
90
159
277
315
351
366
502
505
594
697
700
712
754
760
771
792
810
862
883
885
895
942
962
965
16
144
171
188
249
264
272
281
297
447
475
500
552
631
724
753
760
810
821
889
929
932
990
43
223
252
266
288
469
520
534
672
680
813
838
959
965
989
999
35
50
137
152
191
230
237
243
348
551
568
574
577
586
638
755
779
794
844
858
912
943
947
985
986
49
53
87
130
154
164
208
221
236
257
268
316
464
467
494
518
547
660
710
712
785
809
824
908
973
14
50
69
107
185
234
246
289
446
491
511
546
563
592
610
688
700
724
833
920
954
994
7
115
125
222
242
362
372
470
499
528
533
547
696
713
776
794
795
808
896
33
60
115
148
154
187
241
248
427
435
528
623
641
17
27
167
183
265
499
549
550
551
569
654
721
740
755
916
982
12
108
283
292
319
333
351
554
576
593
627
649
660
696
712
753
850
964
31
125
246
253
283
335
352
394
402
476
487
622
711
758
838
997
61
141
152
194
223
309
337
370
425
433
441
451
498
558
580
591
741
836
924
968
25
49
173
193
221
236
302
352
404
461
739
765
777
811
913
54
89
178
237
320
386
407
434
451
555
616
655
687
694
697
715
721
740
816
940
956
60
365
369
372
385
436
553
589
594
658
703
723
759
817
858
7
86
147
188
293
322
334
344
357
393
468
612
621
646
717
904
907
918
948
62
74
96
135
199
329
381
488
501
512
529
572
732
853
964
0
176
227
267
273
298
361
389
464
506
540
565
577
711
763
812
839
845
878
901
914
922
22
42
80
128
137
230
332
342
400
401
418
530
599
612
658
665
695
702
759
872
875
968
41
187
217
261
291
306
365
474
511
513
549
600
621
656
773
856
953
0
2
71
116
121
215
219
283
323
516
661
677
794
801
839
890
912
922
961
975
21
33
55
68
115
172
184
237
326
514
641
654
671
673
705
776
779
793
796
835
848
893
920
964
968
48
260
273
275
302
328
359
371
403
421
425
443
444
480
537
544
549
637
751
761
779
812
836
865
866
948
963
43
150
154
187
291
294
423
426
478
515
601
646
712
794
862
880
965
988
139
193
262
302
333
340
359
538
575
606
611
614
647
671
809
981
987
77
85
109
146
151
257
264
272
274
310
317
340
465
506
522
568
575
599
604
639
673
678
736
749
834
937
945
46
214
291
350
404
423
458
566
704
712
838
906
931
3
40
54
87
156
196
266
291
301
341
342
385
471
486
521
523
624
688
719
766
890
893
916
918
994
28
43
71
207
248
283
306
426
521
605
679
700
743
756
770
793
877
878
895
912
920
922
38
101
188
202
220
223
322
417
450
474
508
529
597
750
753
831
839
853
863
922
974
13
34
78
153
160
167
183
256
291
419
426
514
531
583
645
669
720
732
768
940
943
949
45
102
122
183
256
274
276
311
314
391
416
451
535
569
573
740
755
825
9
47
70
76
117
179
190
265
399
442
448
488
520
733
823
840
901
982
15
32
69
114
184
227
378
420
519
548
665
698
724
925
939
962
998
134
136
173
225
284
377
399
419
536
598
674
715
729
763
826
844
21
108
123
193
197
219
330
458
497
534
563
577
658
772
779
818
854
929
965
71
242
432
465
525
593
627
703
777
797
817
829
865
904
938
957
963
988
8
144
229
240
373
465
486
489
532
546
601
617
660
706
747
759
773
774
832
974
52
79
91
121
196
275
584
639
747
785
821
899
905
912
927
104
112
141
177
207
208
216
230
246
315
361
481
499
533
568
630
667
676
683
743
760
762
790
795
861
69
77
239
270
333
417
526
610
643
710
775
830
906
925
964
45
126
295
301
310
375
436
445
465
505
891
945
973
19
150
168
235
296
306
324
424
513
644
757
819
830
64
78
136
171
223
309
398
433
498
510
538
580
595
605
771
786
870
979
5
23
152
233
241
263
285
286
351
436
510
547
696
730
787
809
902
976
994
81
115
154
181
305
351
366
388
477
499
520
696
712
735
772
808
934
117
124
183
203
210
212
213
223
271
360
368
400
466
711
815
824
825
870
933
994
57
73
92
114
133
257
299
302
303
371
373
397
406
422
496
498
532
566
652
695
821
865
14
24
39
40
68
113
144
148
297
322
350
474
530
604
635
640
747
760
774
811
820
911
942
977
14
79
81
106
112
175
322
422
529
675
760
847
888
893
933
123
136
151
179
201
223
309
433
437
451
551
580
593
596
632
679
733
770
805
866
957
977
990
32
42
165
196
255
309
324
350
359
381
418
434
444
528
552
566
576
610
623
625
632
698
777
819
925
939
69
173
178
331
338
350
409
454
466
484
598
607
612
804
819
840
947
975
982
13
50
167
181
205
208
218
380
436
439
485
567
570
583
596
626
807
854
995
11
58
93
107
108
161
185
261
291
385
394
417
457
506
563
744
771
942
959
999
22
37
105
116
145
168
173
182
200
210
238
249
320
368
412
526
571
596
684
713
733
867
879
894
945
951
979
19
142
207
208
248
263
283
291
306
357
388
460
506
525
577
653
664
739
758
759
809
839
882
889
898
902
920
930
14
84
177
247
450
546
565
601
766
813
815
909
926
980
19
22
62
91
97
157
255
293
382
467
742
802
870
923
8
82
213
332
362
477
480
500
506
512
567
593
601
613
621
810
932
964
3
12
180
199
233
245
310
329
432
457
499
548
564
590
599
649
662
678
736
778
870
885
103
111
168
409
453
464
510
544
615
637
661
672
745
798
877
919
971
991
33
60
115
152
285
293
308
445
468
497
521
658
748
794
898
931
990
32
54
57
73
79
85
153
177
237
355
398
500
509
518
557
561
575
620
639
641
691
784
795
904
918
994
136
157
160
189
261
291
309
384
403
459
503
555
571
645
713
924
971
24
49
197
266
456
661
694
696
750
758
775
783
799
850
935
988
10
11
66
67
80
98
161
258
367
499
501
582
726
790
793
802
829
878
890
895
967
78
237
327
380
422
442
556
557
568
586
664
721
728
805
825
845
917
926
947
12
49
106
163
175
190
297
329
339
346
387
475
581
612
617
747
929
978
133
138
142
145
166
345
442
466
574
579
598
603
636
661
679
697
715
949
954
40
100
192
281
292
296
354
429
459
467
536
670
686
701
726
739
935
978
2
44
99
134
237
254
261
280
309
312
377
511
590
598
776
807
867
885
968
21
183
208
273
382
394
426
729
741
790
840
861
912
178
200
210
286
348
414
424
442
498
501
548
567
581
598
637
648
682
943
986
54
87
228
297
322
339
435
450
578
606
610
626
641
694
760
761
762
822
888
897
974
64
73
118
178
181
217
300
326
336
362
416
518
532
552
615
768
794
870
991
1
19
163
165
309
364
378
398
548
663
689
698
712
716
722
742
752
860
883
927
930
960
4
49
65
103
172
219
278
510
625
655
672
741
782
838
911
957
75
161
204
209
263
339
390
425
437
494
539
693
766
878
893
933
47
50
70
134
155
156
218
237
354
357
405
416
436
448
453
522
542
549
625
735
755
886
908
921
934
981
992
7
111
137
144
147
254
260
406
474
512
528
573
601
627
641
724
789
802
867
13
97
148
282
319
341
536
562
585
586
596
656
763
808
826
963
72
114
156
206
214
280
352
354
413
436
493
586
603
688
689
719
729
935
961
994
997
998
15
90
127
162
350
359
409
440
467
600
604
613
616
643
652
654
766
792
924
41
121
143
192
284
385
415
428
446
626
727
730
772
858
975
16
21
41
68
161
283
290
375
414
514
528
547
641
677
723
748
776
787
857
918
29
84
165
183
370
380
482
549
555
580
713
866
924
942
948
952
977
50
93
107
119
305
335
346
388
430
437
460
570
604
676
694
712
723
756
849
983
3
58
60
148
208
227
312
331
349
377
499
516
521
558
597
743
812
845
921
939
999
24
47
99
111
224
287
423
458
656
673
677
696
744
756
773
796
880
60
101
142
147
342
355
449
490
572
642
662
710
713
717
739
802
926
958
962
978
990
48
79
198
201
268
298
303
358
446
496
503
537
602
619
652
673
708
892
930
72
85
149
198
270
298
302
328
333
337
461
496
508
706
795
809
820
888
937
963
221
300
314
344
373
398
403
441
484
485
489
552
593
675
745
795
823
859
885
902
910
0
89
116
143
208
210
237
267
268
377
453
470
501
550
650
664
828
844
853
872
879
51
100
121
167
180
229
253
269
285
341
352
434
516
553
661
730
759
905
912
6
44
112
176
238
420
473
499
521
553
594
645
648
681
741
758
920
995
4
158
327
582
590
615
644
816
819
831
833
848
877
915
930
995
127
142
174
196
226
228
234
262
264
336
411
412
421
440
457
484
511
542
549
583
598
905
56
66
83
84
178
220
226
233
267
278
403
412
484
532
538
544
622
696
718
791
867
893
921
26
180
226
247
326
364
400
422
484
566
587
598
604
707
722
758
768
874
921
923
19
103
142
267
300
326
396
431
480
599
625
873
877
915
924
930
8
154
162
184
195
224
240
291
322
330
338
427
617
619
628
756
765
791
909
39
55
131
196
281
299
301
315
385
436
523
547
685
688
692
701
707
893
922
961
967
994
65
74
99
136
198
264
302
365
461
489
518
553
575
599
606
611
619
685
801
834
870
874
892
938
987
13
33
258
259
270
306
359
361
486
578
677
691
736
790
801
839
851
912
145
333
412
441
513
538
579
585
828
867
894
896
67
82
186
290
351
376
424
478
497
528
547
584
585
609
621
658
696
717
730
796
862
17
49
303
351
354
365
446
589
614
635
688
739
893
914
961
993
0
50
56
125
158
169
206
246
335
354
396
408
426
484
486
487
567
744
751
829
942
966
72
77
96
272
340
361
467
505
572
604
639
676
726
730
773
849
945
34
43
123
189
218
254
374
384
395
411
495
502
509
538
567
595
636
668
680
703
704
751
950
9
95
103
133
326
432
555
655
669
773
833
844
866
955
0
47
287
416
426
492
520
577
586
664
667
852
947
973
10
43
55
56
81
243
266
284
375
421
435
458
520
532
641
694
989
8
25
31
173
348
404
437
473
539
576
648
822
847
865
902
970
978
18
41
75
189
208
282
375
456
491
610
653
691
743
747
758
774
829
44
45
46
68
69
136
148
168
238
248
311
426
480
506
547
613
650
659
699
793
800
839
940
99
196
258
423
445
493
518
628
642
688
722
814
914
935
967
82
250
294
334
336
355
369
400
447
468
479
500
657
669
673
864
877
955
17
196
224
267
332
382
406
617
631
635
686
756
794
800
822
851
872
876
881
896
929
967
971
52
116
140
168
271
273
275
286
372
441
499
545
580
630
647
715
720
828
879
939
954
962
979
99
107
112
189
394
409
430
457
491
550
578
659
669
729
746
767
773
801
839
922
932
57
156
224
280
302
379
413
493
533
560
589
618
630
646
701
746
761
779
879
893
935
990
998
12
39
87
151
247
277
318
419
425
475
476
495
496
522
619
631
736
847
914
929
3
14
16
31
58
82
159
189
290
301
322
375
426
478
534
537
575
597
615
642
692
702
765
829
835
915
15
40
49
155
164
165
223
275
314
362
455
482
519
545
613
638
652
693
705
811
944
985
37
96
118
199
200
213
310
342
406
434
496
572
575
639
693
761
65
118
211
273
310
356
461
561
587
590
626
631
678
705
790
805
925
946
981
14
49
53
54
175
200
271
332
450
475
493
539
670
726
817
829
866
888
929
997
999
72
73
79
193
231
242
250
272
518
541
576
587
634
909
958
971
149
198
223
257
274
298
302
346
373
390
471
518
541
590
761
788
809
836
17
141
172
175
229
242
248
266
270
275
484
492
507
668
743
811
868
871
915
987
990
7
59
74
135
139
147
168
290
332
421
474
477
488
500
529
575
612
657
660
710
738
799
813
973
978
27
60
63
72
130
161
293
342
364
430
443
447
522
622
634
662
736
738
788
36
37
72
182
235
264
267
290
317
362
428
450
538
572
634
738
756
762
777
852
946
957
984
16
49
59
87
239
240
247
272
529
603
641
654
675
761
830
875
903
37
62
92
179
183
195
350
414
457
548
588
716
752
866
919
930
971
37
167
231
251
267
454
503
574
581
597
599
620
633
644
672
734
745
769
821
850
93
98
125
139
158
189
283
379
462
560
589
744
776
793
801
811
845
868
878
917
922
933
37
52
100
118
127
128
160
264
310
340
453
492
507
522
648
675
692
736
785
5
55
68
234
290
292
393
402
648
748
790
881
891
897
939
998
999
53
164
255
378
425
438
440
470
559
620
665
722
745
752
870
874
898
905
928
944
69
76
153
200
212
361
399
453
527
573
697
715
781
800
985
2
50
62
78
89
169
185
191
256
326
346
357
358
380
442
483
538
622
630
725
755
840
912
982
59
74
195
199
235
277
293
304
342
365
415
468
486
507
592
621
657
709
788
800
836
858
964
19
194
206
255
262
267
311
336
370
463
503
526
532
574
606
620
625
637
661
834
910
936
35
77
93
171
187
197
283
287
331
386
435
477
491
499
506
528
567
599
677
778
794
801
829
869
950
26
241
252
313
448
463
484
517
579
590
623
708
852
861
872
873
936
960
993
10
67
186
242
263
281
361
550
577
682
744
767
790
793
801
802
876
895
912
926
4
19
210
226
262
325
406
431
454
511
625
649
708
831
873
924
930
984
14
72
140
267
305
438
443
455
523
606
633
668
672
728
745
784
837
856
859
874
923
966
991
12
28
81
111
149
350
390
415
418
420
443
479
582
669
698
806
813
824
901
31
128
134
139
169
252
311
352
453
477
517
580
679
707
740
755
757
830
840
863
922
943
982
985
1
117
232
329
336
349
364
443
538
540
566
593
607
654
663
722
764
811
849
962
971
973
19
32
95
114
243
258
314
345
366
383
396
449
519
620
663
685
732
915
944
971
25
30
50
217
317
322
390
417
460
588
617
660
774
808
841
893
897
902
933
980
984
164
249
325
326
438
552
582
626
645
829
849
864
870
874
910
923
941
3
65
74
160
188
204
247
309
322
409
500
601
610
631
634
700
709
765
799
835
934
26
65
83
92
149
198
270
280
307
326
338
486
489
592
602
774
832
895
937
985
987
53
73
99
113
161
177
296
355
463
533
603
635
671
748
770
819
822
851
912
929
993
38
81
190
209
288
354
430
456
530
534
598
628
629
736
747
772
818
852
931
942
965
976
989
55
67
108
135
277
387
415
425
470
545
635
684
759
838
843
855
891
896
998
9
23
57
103
117
207
414
460
464
476
501
503
513
526
536
683
700
919
921
953
986
139
153
237
241
250
272
316
317
340
346
363
465
602
672
798
865
932
981
92
106
161
174
188
242
257
270
406
562
611
634
663
717
809
877
4
76
165
209
299
320
420
436
500
512
687
695
716
717
806
824
861
894
914
954
35
70
94
122
142
269
367
384
402
403
509
516
586
607
699
703
767
771
786
803
890
964
52
63
67
146
159
166
201
313
444
479
517
671
681
687
699
769
930
20
56
108
194
202
403
404
469
514
534
566
686
756
773
821
827
859
882
934
989
997
999
45
169
181
210
258
279
358
429
570
583
655
701
750
776
803
846
926
983
26
62
128
244
364
456
467
526
899
915
928
99
109
113
135
163
227
233
245
514
522
582
673
749
757
758
798
814
828
883
958
980
49
55
162
205
257
362
454
490
507
618
666
693
717
762
901
908
985
107
169
191
209
252
300
495
535
556
590
776
825
840
886
975
54
65
140
160
352
361
370
403
453
498
551
633
720
741
788
795
859
5
22
35
123
171
253
285
331
338
498
502
574
607
680
691
803
842
6
73
162
174
181
215
225
282
320
439
495
540
564
573
615
751
772
884
920
13
88
129
194
230
309
311
320
378
442
451
497
555
579
633
733
828
991
37
118
136
140
212
361
420
433
537
633
859
961
84
132
136
212
213
221
271
279
466
498
590
633
792
936
968
983
46
50
64
113
129
141
179
200
316
404
426
480
495
530
532
539
618
659
704
778
842
894
939
22
75
80
153
389
400
401
426
502
511
550
555
558
677
718
741
885
892
969
979
15
109
127
146
167
169
300
330
332
418
444
470
638
722
732
742
786
960
54
105
186
235
265
300
346
370
455
468
503
655
755
771
809
823
850
908
982
217
294
313
329
349
355
450
459
468
516
525
544
619
686
717
863
903
945
19
98
100
335
365
388
402
460
499
533
648
678
775
827
989
79
87
95
144
314
324
359
420
432
444
451
470
482
645
732
849
921
956
34
126
341
428
494
505
525
529
547
566
589
608
666
688
701
739
793
855
876
881
952
163
182
197
204
232
344
364
378
588
643
651
687
698
773
806
863
894
927
16
63
73
137
299
302
401
558
582
599
602
662
695
795
809
854
865
6
101
139
192
250
260
304
393
488
566
657
660
693
782
789
794
813
832
918
940
15
23
55
81
119
152
189
348
441
469
571
622
754
770
773
775
796
808
934
976
70
188
211
234
251
261
335
390
441
483
494
506
530
603
711
768
882
924
3
280
333
381
413
459
492
528
727
730
737
745
839
876
891
893
994
15
42
54
141
157
166
249
357
418
632
698
715
784
791
794
844
953
995
54
61
62
84
103
162
192
226
267
362
389
398
465
487
540
544
549
630
674
729
734
768
955
101
184
202
234
247
250
264
353
487
587
598
631
724
747
761
765
888
13
133
140
243
257
262
320
382
465
475
532
558
669
718
745
834
837
893
903
910
927
928
77
84
203
242
257
283
425
481
490
513
525
538
541
554
574
581
693
978
5
21
60
190
195
196
241
280
428
500
528
547
719
746
772
777
814
886
906
927
998
8
59
144
190
202
294
355
365
369
387
421
438
500
529
550
657
660
700
802
810
847
2
38
39
327
419
535
549
555
573
580
656
750
755
793
825
857
947
25
119
165
171
277
315
449
514
559
594
622
641
704
817
934
965
61
95
173
231
233
243
536
587
655
669
821
823
859
983
25
108
213
224
257
297
367
420
465
489
494
505
611
614
652
739
841
843
863
888
906
972
980
84
128
136
143
338
400
538
588
633
654
720
733
751
816
828
894
955
996
73
106
199
208
422
425
429
487
489
614
654
675
687
712
747
753
830
929
945
978
997
999
79
99
137
175
177
205
236
251
262
302
328
339
353
390
507
544
797
852
901
937
49
121
122
134
148
187
206
252
321
343
401
409
568
705
707
713
781
805
825
917
926
957
77
129
141
231
286
309
320
350
353
382
398
426
434
454
482
519
538
555
579
580
595
735
860
943
953
977
62
160
205
298
299
308
325
368
400
457
462
537
541
665
702
746
908
923
929
987
209
346
352
520
562
568
573
656
776
899
916
926
932
946
117
120
145
217
218
276
326
377
389
396
424
482
517
584
602
692
728
740
742
758
776
846
936
28
79
198
223
240
324
355
518
530
537
665
797
877
905
932
984
23
34
108
195
246
266
288
483
594
608
668
731
772
796
809
838
992
999
43
60
119
155
211
284
288
291
366
383
472
525
629
664
691
694
725
775
887
934
942
959
7
124
195
213
245
349
492
621
714
738
774
823
835
863
896
905
61
133
178
274
278
300
527
575
598
637
834
848
924
951
0
37
119
189
227
287
343
411
544
609
622
739
743
744
852
988
17
24
99
164
214
329
406
416
460
608
618
671
766
881
921
933
21
60
156
247
296
413
518
608
684
727
734
778
800
817
819
836
855
876
967
6
88
89
167
181
206
253
259
282
499
573
635
644
735
750
826
869
870
968
18
71
94
122
176
200
209
219
230
269
318
331
338
407
426
499
509
516
632
650
672
979
173
175
415
450
475
487
504
668
679
733
739
783
855
902
942
980
87
156
196
203
232
247
285
293
297
362
425
445
496
547
560
614
658
659
684
714
806
855
896
914
935
973
67
100
108
123
234
284
349
388
456
477
531
554
701
775
827
861
902
914
942
980
988
